Date,Open,High,Low,Close,Volume
22-Nov-16,88.45,89.75,86.50,89.40,60792
21-Nov-16,87.95,88.40,87.25,88.25,26916
18-Nov-16,87.70,88.10,87.35,87.95,53668
17-Nov-16,88.35,89.35,87.40,87.70,45528
16-Nov-16,88.90,88.90,87.40,88.00,45193
15-Nov-16,89.00,89.95,88.50,88.90,86786
14-Nov-16,86.50,90.25,86.50,90.00,90617
11-Nov-16,82.20,86.25,82.20,85.85,76581
10-Nov-16,80.45,83.20,79.65,82.55,67693
9-Nov-16,75.45,79.80,75.45,79.75,61509
8-Nov-16,75.75,76.40,74.65,76.15,37901
7-Nov-16,75.75,75.95,74.60,75.85,78369
4-Nov-16,75.00,76.55,74.55,74.65,43333
3-Nov-16,75.25,75.75,74.90,74.90,37603
2-Nov-16,74.85,76.11,74.35,75.30,37336
1-Nov-16,76.50,77.25,75.30,75.45,80058
31-Oct-16,79.85,80.10,76.00,76.40,124900
28-Oct-16,80.00,82.80,78.45,80.00,107169
27-Oct-16,85.15,85.75,84.30,84.85,29052
26-Oct-16,86.20,86.80,84.95,84.95,32875
25-Oct-16,87.55,87.55,86.35,86.55,17448
24-Oct-16,87.45,88.10,86.90,87.35,30125
21-Oct-16,86.60,87.40,86.50,86.75,31125
20-Oct-16,88.25,88.25,86.85,87.40,54476
19-Oct-16,88.15,90.10,87.50,88.25,49391
18-Oct-16,88.35,89.05,87.70,87.85,33450
17-Oct-16,87.35,87.65,86.95,87.00,32044
14-Oct-16,87.63,87.96,86.59,87.43,37004
13-Oct-16,86.49,87.65,85.94,87.14,66602
12-Oct-16,86.58,87.50,86.37,87.14,98327
11-Oct-16,88.29,88.29,86.36,86.52,42916
10-Oct-16,88.26,89.09,87.50,88.32,53992
7-Oct-16,89.84,89.84,87.52,87.80,121485
6-Oct-16,89.90,90.33,89.76,90.00,101334
5-Oct-16,90.83,91.00,90.12,90.33,176285
4-Oct-16,91.55,92.03,90.17,90.23,64532
3-Oct-16,92.61,92.69,91.33,91.61,67483
30-Sep-16,92.60,93.29,91.72,92.87,40351
29-Sep-16,91.36,92.60,91.36,91.90,44435
28-Sep-16,89.96,91.65,89.92,91.42,111864
27-Sep-16,90.01,90.31,89.08,89.78,75721
26-Sep-16,88.31,90.27,87.74,90.00,113706
23-Sep-16,89.78,89.78,88.49,88.56,38330
22-Sep-16,89.78,89.81,88.66,89.75,63311
21-Sep-16,89.00,89.56,87.84,88.87,30693
20-Sep-16,88.34,89.18,87.76,88.47,56429
19-Sep-16,87.01,88.40,86.55,87.88,53431
16-Sep-16,87.39,87.39,86.10,86.61,75149
15-Sep-16,84.52,87.28,84.52,87.21,36666
14-Sep-16,85.09,85.88,83.86,84.61,30988
13-Sep-16,86.08,86.95,84.77,85.01,35006
12-Sep-16,85.47,87.22,85.43,86.96,43585
9-Sep-16,87.22,87.22,85.79,85.79,79394
8-Sep-16,87.07,88.06,86.76,87.93,56509
7-Sep-16,86.54,87.62,86.31,87.47,87975
6-Sep-16,85.60,86.46,85.21,86.31,85918
2-Sep-16,84.80,85.73,84.64,85.56,52860
1-Sep-16,83.97,84.79,83.15,84.37,82721
31-Aug-16,83.91,84.60,83.33,84.19,56255
30-Aug-16,84.11,84.28,82.63,83.81,47145
29-Aug-16,83.50,84.70,83.22,83.92,56372
26-Aug-16,83.62,84.94,82.88,83.70,97258
25-Aug-16,89.18,89.18,80.90,83.83,174002
24-Aug-16,92.31,92.39,90.70,91.90,43309
23-Aug-16,92.05,92.42,90.66,92.13,57957
22-Aug-16,90.00,91.49,89.28,91.45,61230
19-Aug-16,88.88,89.98,88.88,89.93,49266
18-Aug-16,88.89,89.90,88.40,88.88,125722
17-Aug-16,89.08,89.40,88.26,88.84,91631
16-Aug-16,89.13,89.94,88.48,88.98,50997
15-Aug-16,89.71,90.00,89.27,89.62,53338
12-Aug-16,89.57,89.88,88.81,89.31,19056
11-Aug-16,88.92,89.81,88.74,89.57,72764
10-Aug-16,88.98,89.73,88.46,88.95,40205
9-Aug-16,89.21,89.71,88.65,89.27,45642
8-Aug-16,89.33,90.16,88.95,89.26,32571
5-Aug-16,88.20,89.75,87.54,89.61,130366
4-Aug-16,87.96,89.20,87.40,87.79,47755
3-Aug-16,88.33,88.77,87.68,87.70,70437
2-Aug-16,88.69,89.51,87.51,88.03,39809
1-Aug-16,89.00,89.04,87.42,88.40,50880
29-Jul-16,88.55,89.37,87.56,88.80,53354
28-Jul-16,89.00,89.10,87.65,88.38,69985
27-Jul-16,88.23,89.12,88.04,89.07,53593
26-Jul-16,86.02,88.33,86.01,88.24,121652
25-Jul-16,86.31,87.31,85.48,85.92,43969
22-Jul-16,86.09,87.26,85.90,86.51,34603
21-Jul-16,87.41,87.47,85.72,86.15,40929
20-Jul-16,87.33,87.57,85.81,87.39,74347
19-Jul-16,87.28,89.07,86.78,86.88,114410
18-Jul-16,88.12,88.52,87.12,87.22,39641
15-Jul-16,87.75,88.39,86.51,87.94,29924
14-Jul-16,87.32,87.75,86.70,87.18,23884
13-Jul-16,86.94,87.11,86.43,86.63,36386
12-Jul-16,86.01,87.00,85.89,86.39,29256
11-Jul-16,84.91,86.00,84.72,85.76,44305
8-Jul-16,83.55,84.87,82.98,84.42,52647
7-Jul-16,83.29,83.89,81.99,82.88,44242
6-Jul-16,82.55,83.47,81.74,82.93,29862
5-Jul-16,83.31,83.31,82.44,82.75,53004
1-Jul-16,82.41,83.72,82.41,83.53,54254
30-Jun-16,80.02,82.64,79.68,82.63,67928
29-Jun-16,80.72,81.48,79.73,79.93,91622
28-Jun-16,80.88,81.01,79.62,79.84,65950
27-Jun-16,80.43,80.44,79.57,79.95,84610
24-Jun-16,82.33,83.25,80.80,80.91,83829
23-Jun-16,84.99,85.65,84.40,85.33,51866
22-Jun-16,84.78,85.58,83.98,84.01,48495
21-Jun-16,86.66,86.93,84.66,84.90,49025
20-Jun-16,87.09,88.14,86.56,86.59,83404
17-Jun-16,86.80,87.51,85.58,85.92,227006
16-Jun-16,87.00,87.47,86.02,87.39,42209
15-Jun-16,87.74,87.91,87.00,87.18,70261
14-Jun-16,87.20,88.05,87.14,87.31,68560
13-Jun-16,87.99,89.22,87.39,87.60,79014
10-Jun-16,87.74,89.04,86.99,87.96,65887
9-Jun-16,88.00,88.87,87.65,88.40,83606
8-Jun-16,87.51,89.29,86.91,88.20,77465
7-Jun-16,87.41,88.15,86.83,87.49,104528
6-Jun-16,86.23,87.87,85.90,87.10,44533
3-Jun-16,87.00,87.00,85.78,86.07,45769
2-Jun-16,86.68,87.05,85.74,86.80,52469
1-Jun-16,86.25,87.04,85.61,86.62,63692
31-May-16,86.30,87.21,85.67,86.67,66504
27-May-16,85.49,87.32,85.49,86.14,34022
26-May-16,85.60,86.15,85.30,85.30,44340
25-May-16,85.16,86.07,85.14,85.41,61989
24-May-16,83.07,85.63,81.60,84.80,68754
23-May-16,81.75,82.69,81.41,82.46,97198
20-May-16,80.50,81.73,80.29,81.69,92310
19-May-16,81.00,82.15,79.78,80.34,89834
18-May-16,81.30,82.10,80.60,81.58,53357
17-May-16,82.45,83.32,81.31,81.69,114955
16-May-16,81.59,83.14,81.59,82.70,68442
13-May-16,80.90,82.05,80.45,81.79,51965
12-May-16,81.71,82.22,80.71,81.34,37882
11-May-16,81.23,83.26,81.23,81.44,56545
10-May-16,80.00,81.56,80.00,81.18,44276
9-May-16,80.30,80.31,79.54,79.89,75858
6-May-16,79.72,80.77,79.53,80.57,49677
5-May-16,79.24,80.11,79.06,79.96,113704
4-May-16,79.12,79.78,78.07,79.39,82648
3-May-16,78.28,80.00,76.51,79.27,92800
2-May-16,77.14,79.12,77.13,78.72,136928
29-Apr-16,77.16,78.26,76.65,76.69,58193
28-Apr-16,78.61,79.57,77.08,77.10,66299
27-Apr-16,80.09,80.63,78.93,78.99,66203
26-Apr-16,79.30,80.50,78.85,79.91,56827
25-Apr-16,79.33,79.82,78.49,78.66,44468
22-Apr-16,79.77,80.42,79.04,79.29,78469
21-Apr-16,80.43,80.43,78.97,79.50,39169
20-Apr-16,78.79,80.78,78.79,80.23,36522
19-Apr-16,79.57,80.30,78.70,79.02,70042
18-Apr-16,78.66,79.98,78.46,79.52,36683
15-Apr-16,78.66,79.98,78.06,78.77,38484
14-Apr-16,78.72,78.99,78.40,78.60,63652
13-Apr-16,79.14,79.41,78.17,78.82,107488
12-Apr-16,77.60,79.11,77.46,78.51,28711
11-Apr-16,77.61,78.41,76.79,77.65,45111
8-Apr-16,77.10,77.90,76.47,77.45,35032
7-Apr-16,77.10,77.10,75.59,76.36,71873
6-Apr-16,77.30,77.54,76.31,77.53,42780
5-Apr-16,77.61,77.80,76.58,77.17,59619
4-Apr-16,79.09,79.26,77.46,78.03,96987
1-Apr-16,77.45,79.28,77.23,79.11,48426
31-Mar-16,77.24,78.75,77.07,77.81,81384
30-Mar-16,78.23,78.23,76.84,77.38,44240
29-Mar-16,75.41,78.05,75.11,77.76,52393
28-Mar-16,76.03,76.79,74.98,75.36,33987
24-Mar-16,75.26,76.27,74.70,76.00,50532
23-Mar-16,75.93,76.29,75.08,75.48,37815
22-Mar-16,76.45,77.16,75.93,76.03,32677
21-Mar-16,76.29,76.90,75.75,76.67,50961
18-Mar-16,77.17,77.50,75.51,76.20,80709
17-Mar-16,74.05,77.05,74.05,76.72,69196
16-Mar-16,72.57,74.40,72.16,73.88,69755
15-Mar-16,73.53,73.53,72.57,72.60,42449
14-Mar-16,74.37,74.37,73.14,73.65,35015
11-Mar-16,73.90,75.11,73.60,74.45,61133
10-Mar-16,73.52,73.90,72.46,73.10,45470
9-Mar-16,72.55,73.26,72.19,73.22,49484
8-Mar-16,72.41,72.63,71.15,72.04,108667
7-Mar-16,72.03,72.97,72.03,72.61,74037
4-Mar-16,71.74,72.45,71.30,72.20,69220
3-Mar-16,71.84,72.52,71.21,71.96,72518
2-Mar-16,71.51,72.00,70.83,71.92,83862
1-Mar-16,71.12,72.14,70.80,71.87,31273
29-Feb-16,71.03,71.65,70.30,70.43,68246
26-Feb-16,70.95,71.65,70.27,71.03,48258
25-Feb-16,71.16,71.16,69.99,70.58,24372
24-Feb-16,69.51,70.86,68.93,70.61,40665
23-Feb-16,70.29,70.88,69.84,69.98,43788
22-Feb-16,71.83,72.46,69.99,70.04,57514
19-Feb-16,70.38,71.30,69.70,71.12,136379
18-Feb-16,70.26,71.49,70.11,70.42,75476
17-Feb-16,69.38,70.54,69.38,70.35,68689
16-Feb-16,68.98,70.36,68.55,69.05,47196
12-Feb-16,67.22,68.41,66.51,68.27,49882
11-Feb-16,66.65,67.52,65.70,66.53,83644
10-Feb-16,67.80,68.85,66.65,67.43,55061
9-Feb-16,66.45,68.04,66.45,67.30,56784
8-Feb-16,66.51,67.55,65.76,67.32,76995
5-Feb-16,67.72,67.98,66.67,66.99,98586
4-Feb-16,65.67,68.39,65.67,67.72,80822
3-Feb-16,69.90,69.90,65.53,66.40,118356
2-Feb-16,71.98,72.49,69.33,69.51,117947
1-Feb-16,71.92,73.00,70.70,72.49,56084
29-Jan-16,70.63,72.71,70.63,72.22,124703
28-Jan-16,70.80,70.88,69.62,70.04,44921
27-Jan-16,71.23,71.68,69.86,70.11,44548
26-Jan-16,69.90,71.84,69.77,71.25,74318
25-Jan-16,69.77,71.06,69.10,69.72,83843
22-Jan-16,70.52,70.99,69.67,70.50,138836
21-Jan-16,70.97,72.31,69.34,69.92,74261
20-Jan-16,70.95,72.15,68.96,71.07,110225
19-Jan-16,73.52,73.54,70.93,71.49,74240
15-Jan-16,71.97,73.53,71.60,72.75,103252
14-Jan-16,74.11,74.46,72.76,73.83,81999
13-Jan-16,76.51,77.10,73.08,73.46,88883
12-Jan-16,76.86,76.86,74.41,75.97,117261
11-Jan-16,76.94,77.07,75.26,76.03,88953
8-Jan-16,77.70,78.62,76.16,76.34,130383
7-Jan-16,78.74,79.65,77.91,78.12,123093
6-Jan-16,80.14,81.22,79.59,80.10,54879
5-Jan-16,81.37,82.45,80.35,81.35,85788
4-Jan-16,81.98,81.99,79.94,81.36,87560
31-Dec-15,84.37,84.91,82.81,83.15,97200
30-Dec-15,85.37,85.82,84.21,84.33,54178
29-Dec-15,84.81,86.06,83.95,85.55,75836
28-Dec-15,83.13,84.71,81.57,84.42,72863
24-Dec-15,83.77,84.11,82.72,83.05,43309
23-Dec-15,84.06,84.59,82.98,83.26,71760
22-Dec-15,81.99,84.42,81.96,83.73,69447
21-Dec-15,81.47,82.10,80.98,82.03,91130
18-Dec-15,80.17,81.29,79.79,80.59,136491
17-Dec-15,81.21,81.31,80.19,80.43,63826
16-Dec-15,82.06,82.07,80.46,81.36,38399
15-Dec-15,81.88,82.72,80.90,81.48,66266
14-Dec-15,80.60,81.69,79.88,81.42,101927
11-Dec-15,79.05,81.02,78.31,80.42,118681
10-Dec-15,81.43,81.99,79.77,80.38,101208
9-Dec-15,82.37,82.93,80.69,81.36,85017
8-Dec-15,84.14,84.51,81.91,82.41,112577
7-Dec-15,86.50,86.97,84.15,85.00,79614
4-Dec-15,86.84,88.94,86.32,86.86,130991
3-Dec-15,89.44,89.55,86.10,86.89,64803
2-Dec-15,89.28,90.43,87.55,88.94,115544
1-Dec-15,89.49,90.03,88.42,89.48,94803
30-Nov-15,90.43,90.43,88.67,89.37,92058
27-Nov-15,90.11,91.02,89.72,90.28,30161
25-Nov-15,90.23,90.84,89.57,90.00,51277
24-Nov-15,89.92,90.53,88.64,90.26,62614
23-Nov-15,90.34,90.69,89.46,90.51,63432
20-Nov-15,90.00,90.84,89.64,89.88,144169
19-Nov-15,90.93,91.36,89.81,89.94,97906
18-Nov-15,89.12,91.00,88.07,90.98,50150
17-Nov-15,89.52,90.00,87.75,88.67,66744
16-Nov-15,89.14,89.66,88.11,89.09,46764
13-Nov-15,88.62,91.04,88.62,89.57,56087
12-Nov-15,90.70,90.88,88.83,89.09,35237
11-Nov-15,92.14,92.90,91.16,91.68,39520
10-Nov-15,89.56,91.90,89.06,91.68,79203
9-Nov-15,90.71,90.72,89.02,89.85,57789
6-Nov-15,91.42,91.73,90.20,91.02,45651
5-Nov-15,91.04,92.36,90.01,91.53,48581
4-Nov-15,91.57,91.76,89.89,91.13,72385
3-Nov-15,90.94,93.10,89.74,91.25,129289
2-Nov-15,89.39,92.24,87.56,91.26,105496
30-Oct-15,88.02,92.70,88.01,89.72,128826
29-Oct-15,83.95,88.90,81.72,88.04,122371
28-Oct-15,80.48,86.48,79.96,84.47,181570
27-Oct-15,79.57,80.62,78.60,79.80,66487
26-Oct-15,81.12,81.33,79.83,79.98,47108
23-Oct-15,81.52,81.59,79.64,81.09,28028
22-Oct-15,79.34,81.43,79.23,80.91,39731
21-Oct-15,79.23,80.20,78.38,79.22,65093
20-Oct-15,78.46,79.31,77.66,79.07,24914
19-Oct-15,77.78,78.94,77.45,78.57,40389
16-Oct-15,78.82,78.82,77.04,78.27,52489
15-Oct-15,78.16,78.59,76.52,78.53,67638
14-Oct-15,79.99,80.05,78.02,78.18,41522
13-Oct-15,81.70,82.45,79.91,79.91,35054
12-Oct-15,81.64,82.88,81.29,82.35,34218
9-Oct-15,83.00,83.00,81.34,81.42,41842
8-Oct-15,80.27,83.40,80.27,82.90,50837
7-Oct-15,78.65,80.34,78.35,80.11,69805
6-Oct-15,78.29,79.33,77.67,77.87,49575
5-Oct-15,77.00,78.83,77.00,78.37,60908
2-Oct-15,73.44,77.02,72.94,76.39,106512
1-Oct-15,75.67,75.80,73.02,74.15,60261
30-Sep-15,77.25,77.50,74.65,75.35,91703
29-Sep-15,75.50,76.94,75.10,76.57,60232
28-Sep-15,74.52,76.54,73.54,75.17,61371
25-Sep-15,74.32,76.20,73.50,75.04,78335
24-Sep-15,72.31,74.03,71.39,73.80,59152
23-Sep-15,74.59,74.71,72.58,72.69,61355
22-Sep-15,74.55,74.88,74.00,74.50,55682
21-Sep-15,76.78,76.78,75.38,75.75,41704
18-Sep-15,77.46,77.46,75.96,76.22,71629
17-Sep-15,79.07,79.99,77.97,78.33,71683
16-Sep-15,77.04,79.50,77.04,79.02,48401
15-Sep-15,75.95,77.24,75.80,76.87,96729
14-Sep-15,77.51,77.65,75.69,75.98,54520
11-Sep-15,77.37,78.24,76.48,77.53,84151
10-Sep-15,77.39,78.29,77.30,77.99,27589
9-Sep-15,79.60,79.60,77.75,77.80,37911
8-Sep-15,78.89,79.69,78.31,79.09,24059
4-Sep-15,77.55,78.53,77.41,77.86,26853
3-Sep-15,77.87,78.97,77.49,78.13,89610
2-Sep-15,77.15,78.20,76.14,78.11,57839
1-Sep-15,79.30,79.44,76.18,76.61,68606
31-Aug-15,79.06,80.46,78.92,80.02,47783
28-Aug-15,77.94,79.46,77.67,79.24,67814
27-Aug-15,77.89,78.55,76.63,77.84,91870
26-Aug-15,78.91,78.91,76.18,77.40,104797
25-Aug-15,75.00,80.65,74.17,77.56,139109
24-Aug-15,69.10,72.19,66.98,70.64,74872
21-Aug-15,71.40,73.11,70.60,72.11,63896
20-Aug-15,73.12,73.60,72.58,72.61,31497
19-Aug-15,74.38,74.46,73.33,73.85,23658
18-Aug-15,75.41,75.57,74.09,74.55,31242
17-Aug-15,75.53,75.94,75.06,75.36,42400
14-Aug-15,74.21,76.06,74.06,75.60,61742
13-Aug-15,72.99,75.44,72.30,74.31,64265
12-Aug-15,72.47,73.58,71.67,73.14,59720
11-Aug-15,72.25,73.04,72.16,72.86,53747
10-Aug-15,71.37,73.26,71.32,72.87,50343
7-Aug-15,71.66,71.92,70.34,70.84,95636
6-Aug-15,72.60,74.20,71.42,71.99,79190
5-Aug-15,73.14,74.56,72.38,72.80,68843
4-Aug-15,74.30,74.30,72.52,73.14,70228
3-Aug-15,74.67,74.67,73.52,74.32,54140
31-Jul-15,74.65,75.28,74.38,74.84,42309
30-Jul-15,74.26,74.77,73.30,74.29,40511
29-Jul-15,74.47,74.79,73.69,74.70,63076
28-Jul-15,74.74,74.80,73.82,74.50,93960
27-Jul-15,74.90,75.32,74.36,74.74,53583
24-Jul-15,76.74,76.74,75.17,75.35,83995
23-Jul-15,77.81,78.84,76.86,77.11,70181
22-Jul-15,77.56,78.16,77.40,77.68,67513
21-Jul-15,78.17,78.78,76.84,77.92,95822
20-Jul-15,79.32,79.32,78.24,78.53,53949
17-Jul-15,80.02,80.02,79.04,79.50,53099
16-Jul-15,81.10,81.33,80.20,80.26,52014
15-Jul-15,81.73,81.96,80.36,80.71,52934
14-Jul-15,81.63,82.21,81.07,82.01,55406
13-Jul-15,81.46,83.20,81.41,81.54,80242
10-Jul-15,80.28,81.35,79.69,81.02,62117
9-Jul-15,79.01,79.94,77.24,79.60,73422
8-Jul-15,81.32,81.35,77.66,78.20,103202
7-Jul-15,81.76,82.20,80.64,81.91,52696
6-Jul-15,79.93,82.19,78.19,81.65,56212
2-Jul-15,81.45,82.06,80.85,81.27,46431
1-Jul-15,80.24,81.74,80.05,81.36,94527
30-Jun-15,80.87,80.87,79.85,79.93,75216
29-Jun-15,81.06,81.44,79.53,79.89,49919
26-Jun-15,83.01,83.83,81.29,81.79,119299
25-Jun-15,83.61,83.61,82.48,82.99,50546
24-Jun-15,83.48,83.50,82.88,83.23,78945
23-Jun-15,82.91,83.85,82.23,83.53,74464
22-Jun-15,83.25,83.71,82.41,83.20,61120
19-Jun-15,83.33,83.83,82.80,83.05,56996
18-Jun-15,82.57,84.12,81.94,83.65,89427
17-Jun-15,83.31,83.56,82.06,82.26,59697
16-Jun-15,80.89,83.17,80.76,83.00,55679
15-Jun-15,80.57,81.31,79.79,80.99,65342
12-Jun-15,81.58,81.69,80.80,81.16,30747
11-Jun-15,82.49,82.81,81.20,81.84,24858
10-Jun-15,81.86,83.61,81.58,82.29,78583
9-Jun-15,81.15,81.59,80.35,81.20,60163
8-Jun-15,80.49,81.56,80.42,81.27,39799
5-Jun-15,80.10,81.01,79.33,80.89,38957
4-Jun-15,80.80,80.83,79.55,80.15,50047
3-Jun-15,80.91,82.05,80.55,81.07,43314
2-Jun-15,78.95,81.23,78.67,80.71,52451
1-Jun-15,80.23,80.23,78.65,79.17,52503
29-May-15,79.64,80.43,78.35,80.01,64481
28-May-15,79.38,80.23,78.51,79.96,55237
27-May-15,78.73,80.03,78.12,79.95,74744
26-May-15,80.39,81.92,78.67,79.07,60175
22-May-15,81.29,81.42,80.62,80.69,34527
21-May-15,81.78,83.16,80.96,81.25,84311
20-May-15,80.44,82.15,80.44,81.65,82299
19-May-15,80.66,82.31,79.89,80.71,50986
18-May-15,80.24,81.57,79.88,80.76,41375
15-May-15,81.69,81.69,79.52,80.61,41125
14-May-15,80.00,82.40,78.84,81.83,79606
13-May-15,78.65,79.98,78.20,79.44,69328
12-May-15,80.17,80.17,78.44,78.66,63970
11-May-15,79.11,80.51,79.11,80.09,64550
8-May-15,80.00,80.96,79.31,79.48,87203
7-May-15,79.15,79.62,78.71,79.33,50412
6-May-15,78.60,79.52,77.91,79.41,53444
5-May-15,78.74,79.43,77.82,78.50,113112
4-May-15,79.84,80.90,77.62,78.61,153781
1-May-15,80.13,81.38,79.91,79.99,155020
30-Apr-15,81.73,82.14,80.12,80.87,116050
29-Apr-15,81.89,82.48,81.07,82.20,60980
28-Apr-15,82.07,82.97,81.96,82.32,68731
27-Apr-15,82.51,82.84,81.95,82.30,88560
24-Apr-15,82.60,82.64,82.02,82.52,45215
23-Apr-15,82.09,82.76,81.79,82.64,56856
22-Apr-15,82.37,82.67,81.84,82.53,65168
21-Apr-15,82.52,82.55,81.72,82.41,49462
20-Apr-15,82.49,82.92,82.27,82.33,81452
17-Apr-15,82.67,82.69,81.75,82.27,90997
16-Apr-15,82.93,84.26,82.43,83.51,134768
15-Apr-15,82.98,83.60,82.14,83.26,63939
14-Apr-15,82.03,82.52,81.47,82.51,49139
13-Apr-15,82.33,82.86,81.81,82.20,58779
10-Apr-15,82.71,83.00,82.00,82.53,47312
9-Apr-15,82.87,83.29,81.53,82.26,64785
8-Apr-15,81.80,82.67,81.55,82.58,103062
7-Apr-15,83.06,83.12,81.61,82.02,69333
6-Apr-15,81.67,84.47,81.67,82.75,95683
2-Apr-15,82.80,83.69,81.54,82.34,94306
1-Apr-15,81.81,82.63,80.68,82.46,58997
31-Mar-15,81.86,82.65,81.12,82.13,131410
30-Mar-15,81.55,83.98,81.48,82.50,100455
27-Mar-15,80.90,81.51,80.21,81.21,123943
26-Mar-15,81.37,81.89,80.31,80.94,42817
25-Mar-15,81.77,82.45,81.51,81.82,48668
24-Mar-15,81.68,82.42,81.41,82.06,40201
23-Mar-15,83.27,83.27,80.98,81.95,64481
20-Mar-15,79.99,83.83,79.99,83.20,133869
19-Mar-15,80.37,80.73,79.04,79.69,35914
18-Mar-15,79.11,80.85,78.79,80.79,42768
17-Mar-15,77.51,79.88,77.51,79.50,56826
16-Mar-15,73.31,78.55,71.71,77.96,70835
13-Mar-15,76.33,76.34,75.26,76.10,45023
12-Mar-15,74.70,76.33,74.07,76.31,52787
11-Mar-15,73.84,74.37,72.94,74.00,57940
10-Mar-15,73.50,74.45,73.42,73.95,47014
9-Mar-15,73.00,74.36,73.00,74.09,29087
6-Mar-15,72.56,73.56,71.83,73.23,69512
5-Mar-15,71.65,73.07,71.44,72.83,56576
4-Mar-15,71.45,72.45,70.86,71.75,56400
3-Mar-15,72.25,72.81,71.32,71.95,69610
2-Mar-15,72.52,73.00,71.90,72.68,103898
27-Feb-15,72.79,73.17,71.89,72.50,49040
26-Feb-15,73.52,73.57,72.39,72.56,52485
25-Feb-15,72.59,73.76,71.94,73.66,56990
24-Feb-15,71.60,73.88,71.55,72.94,101954
23-Feb-15,71.57,72.32,70.20,71.75,45524
20-Feb-15,71.68,72.01,70.39,71.89,47929
19-Feb-15,72.70,72.74,71.60,72.06,49257
18-Feb-15,71.59,72.78,71.35,72.30,66697
17-Feb-15,71.62,72.31,70.99,71.85,41127
13-Feb-15,71.55,72.21,71.03,71.53,29940
12-Feb-15,71.44,72.10,71.01,71.76,38800
11-Feb-15,70.38,71.76,70.10,71.16,40915
10-Feb-15,70.64,71.30,69.23,70.72,81038
9-Feb-15,71.05,73.04,69.87,70.23,60620
6-Feb-15,71.42,72.30,70.94,71.49,63687
5-Feb-15,71.06,72.30,70.40,71.53,78059
4-Feb-15,71.30,72.23,68.49,70.98,130493
3-Feb-15,69.57,72.32,66.72,72.08,131373
2-Feb-15,70.23,72.19,68.39,71.17,79016
30-Jan-15,70.43,70.91,69.65,70.09,88154
29-Jan-15,70.14,71.47,69.22,71.09,104939
28-Jan-15,71.70,72.12,69.61,70.14,62128
27-Jan-15,73.12,73.15,71.11,71.70,54276
26-Jan-15,73.25,74.24,71.99,73.68,52048
23-Jan-15,73.39,74.10,71.70,73.12,34107
22-Jan-15,73.36,73.90,71.94,73.60,41872
21-Jan-15,72.90,73.35,71.77,72.37,42425
20-Jan-15,74.03,74.54,72.75,73.14,72805
16-Jan-15,72.58,74.64,72.45,73.81,82166
15-Jan-15,73.45,73.99,72.27,73.00,84913
14-Jan-15,70.95,73.13,70.95,72.87,59168
13-Jan-15,70.02,71.55,69.85,71.55,52101
12-Jan-15,71.22,71.22,68.61,69.33,103280
9-Jan-15,71.52,71.83,70.52,71.04,103170
8-Jan-15,72.32,73.11,70.89,71.71,60229
7-Jan-15,71.29,71.75,70.39,71.61,39007
6-Jan-15,73.59,73.59,70.42,70.93,52099
5-Jan-15,74.69,74.97,72.68,73.31,31396
2-Jan-15,77.75,77.90,74.61,74.98,69696
31-Dec-14,78.67,79.16,76.99,77.26,36344
30-Dec-14,78.83,80.16,77.88,78.17,28541
29-Dec-14,79.26,80.61,78.81,79.08,24214
26-Dec-14,78.62,79.37,78.08,79.31,10702
24-Dec-14,78.55,79.15,77.67,78.17,24766
23-Dec-14,77.78,79.58,76.70,78.09,26232
22-Dec-14,77.24,77.48,75.64,77.06,40110
19-Dec-14,76.42,77.61,75.48,76.93,223418
18-Dec-14,75.05,76.77,74.41,76.71,37077
17-Dec-14,73.50,74.55,71.62,74.26,60303
16-Dec-14,73.93,75.77,73.16,73.25,73565
15-Dec-14,74.55,74.68,72.57,73.22,71964
12-Dec-14,74.01,75.89,73.89,74.27,55971
11-Dec-14,73.43,75.42,73.43,75.01,48344
10-Dec-14,74.24,75.68,72.77,72.88,63993
9-Dec-14,71.39,75.43,71.00,74.81,62126
8-Dec-14,73.02,74.10,71.86,71.87,22279
5-Dec-14,72.64,74.08,72.64,73.03,47410
4-Dec-14,72.85,74.36,72.12,72.86,64810
3-Dec-14,72.28,74.49,71.50,73.12,33352
2-Dec-14,72.15,73.19,71.49,71.99,35706
1-Dec-14,73.13,73.35,71.80,72.13,50965
28-Nov-14,75.11,75.11,72.89,72.97,26712
26-Nov-14,75.30,75.55,74.76,75.22,24623
25-Nov-14,74.99,76.55,74.99,75.65,28082
24-Nov-14,75.66,75.94,74.82,75.79,28813
21-Nov-14,77.66,78.02,75.18,75.38,48888
20-Nov-14,76.50,76.65,76.12,76.36,18772
19-Nov-14,79.04,79.04,76.31,76.54,27723
18-Nov-14,79.31,80.86,78.50,78.73,40533
17-Nov-14,79.50,80.10,78.88,78.95,29256
14-Nov-14,79.62,80.94,78.58,79.63,44933
13-Nov-14,80.07,80.70,79.05,79.31,47277
12-Nov-14,79.67,80.76,79.50,80.39,18102
11-Nov-14,80.20,80.55,79.50,79.66,56395
10-Nov-14,79.14,80.27,79.05,79.93,38383
7-Nov-14,80.25,80.25,78.75,79.47,60120
6-Nov-14,80.30,80.63,79.68,80.48,33259
5-Nov-14,80.78,81.50,79.76,80.19,59237
4-Nov-14,83.78,83.78,80.17,80.38,67182
3-Nov-14,86.09,86.09,83.24,83.74,81417
31-Oct-14,84.70,87.05,82.53,86.25,97123
30-Oct-14,81.03,82.79,80.80,82.56,59233
29-Oct-14,80.73,82.06,79.05,81.65,60773
28-Oct-14,77.71,80.14,76.69,80.10,92860
27-Oct-14,77.70,77.78,77.05,77.51,32773
24-Oct-14,78.22,78.37,77.16,77.79,27239
23-Oct-14,77.77,78.98,77.62,78.16,26299
22-Oct-14,76.66,77.64,76.34,76.74,78403
21-Oct-14,75.35,76.85,74.65,76.73,51000
20-Oct-14,74.08,75.39,74.08,74.99,49918
17-Oct-14,75.49,75.59,73.69,74.13,67170
16-Oct-14,71.01,74.95,71.01,74.41,84031
15-Oct-14,71.33,72.21,70.47,71.73,74655
14-Oct-14,71.62,72.55,70.32,71.97,56639
13-Oct-14,71.10,71.47,70.29,70.63,51627
10-Oct-14,70.55,71.24,70.25,70.81,55185
9-Oct-14,71.76,71.86,70.87,70.91,36034
8-Oct-14,72.35,72.85,70.55,72.00,96354
7-Oct-14,73.10,73.30,72.33,72.60,37788
6-Oct-14,73.83,74.28,72.66,73.45,51915
3-Oct-14,74.22,74.22,73.02,73.85,27460
2-Oct-14,72.70,74.04,72.47,73.28,56290
1-Oct-14,74.22,74.22,72.65,72.93,64932
30-Sep-14,75.27,75.80,74.13,74.14,71197
29-Sep-14,75.52,75.73,74.61,75.14,80441
26-Sep-14,74.50,76.46,73.75,76.40,67003
25-Sep-14,74.20,74.52,73.09,74.10,46667
24-Sep-14,73.59,74.76,72.72,74.30,53210
23-Sep-14,73.52,73.96,73.25,73.31,33481
22-Sep-14,74.44,74.51,73.25,73.68,57785
19-Sep-14,74.87,75.24,74.49,75.13,105666
18-Sep-14,74.35,75.34,73.75,75.25,30324
17-Sep-14,74.28,75.33,74.28,74.35,43433
16-Sep-14,74.93,75.05,74.11,74.50,22861
15-Sep-14,74.88,75.54,74.26,75.01,56529
12-Sep-14,75.68,75.77,74.74,75.09,70696
11-Sep-14,75.18,76.09,75.02,75.79,34150
10-Sep-14,74.23,75.59,74.09,75.51,84946
9-Sep-14,76.02,76.33,74.25,74.34,41860
8-Sep-14,76.09,76.98,75.42,76.46,40319
5-Sep-14,74.57,76.11,72.89,75.97,36707
4-Sep-14,74.53,75.52,74.36,74.82,60278
3-Sep-14,75.29,75.51,74.34,74.85,87973
2-Sep-14,74.98,75.24,73.81,74.82,45516
29-Aug-14,74.48,75.00,74.14,74.63,62991
28-Aug-14,73.68,74.74,72.89,74.58,61312
27-Aug-14,72.00,74.12,71.65,73.75,88490
26-Aug-14,71.60,71.91,70.93,71.67,41877
25-Aug-14,71.77,71.84,70.81,71.45,23803
22-Aug-14,72.25,72.25,70.65,71.52,28665
21-Aug-14,71.94,72.81,70.80,72.28,45644
20-Aug-14,71.95,72.39,71.38,71.90,39496
19-Aug-14,71.18,72.61,71.05,72.36,45277
18-Aug-14,70.51,71.41,70.30,71.41,30306
15-Aug-14,70.68,70.68,68.40,69.82,52912
14-Aug-14,70.68,70.96,70.24,70.68,20768
13-Aug-14,70.32,71.24,70.09,70.72,36728
12-Aug-14,69.62,71.06,69.62,69.94,28433
11-Aug-14,69.37,70.73,69.19,69.98,26255
8-Aug-14,69.25,69.82,68.51,69.37,30955
7-Aug-14,68.43,69.85,67.35,69.30,73559
6-Aug-14,67.68,68.77,67.44,68.37,26523
5-Aug-14,66.91,68.31,66.91,67.97,33628
4-Aug-14,66.53,67.73,65.51,67.40,49760
1-Aug-14,65.83,66.90,65.49,66.42,67184
31-Jul-14,66.84,66.98,65.01,65.95,79061
30-Jul-14,67.80,67.80,66.66,67.33,33269
29-Jul-14,68.48,68.48,67.23,67.33,43051
28-Jul-14,69.06,69.06,67.81,68.38,36076
25-Jul-14,69.88,69.97,68.87,69.06,28944
24-Jul-14,70.69,71.19,69.75,70.35,31880
23-Jul-14,71.45,71.45,70.46,70.70,29704
22-Jul-14,71.19,72.03,71.06,71.51,22178
21-Jul-14,71.65,71.70,70.68,71.05,23969
18-Jul-14,70.59,72.48,70.50,72.15,53576
17-Jul-14,71.29,71.86,70.43,70.82,45581
16-Jul-14,71.77,72.43,71.06,71.46,44247
15-Jul-14,73.11,73.44,71.77,71.82,38750
14-Jul-14,73.06,73.37,72.73,73.04,34607
11-Jul-14,72.46,72.92,72.11,72.32,39145
10-Jul-14,72.68,73.59,72.48,72.91,46042
9-Jul-14,73.05,74.33,73.05,73.97,58150
8-Jul-14,73.64,73.76,72.88,73.26,116748
7-Jul-14,74.58,74.58,72.99,73.78,64034
3-Jul-14,74.99,75.63,74.54,74.54,52962
2-Jul-14,75.16,75.53,74.65,74.77,95059
1-Jul-14,74.70,75.58,74.70,75.19,151581
30-Jun-14,74.79,75.31,74.03,74.48,112633
27-Jun-14,74.88,76.76,74.88,75.04,259782
26-Jun-14,75.16,75.59,74.20,75.53,46874
25-Jun-14,74.92,75.76,74.09,75.45,63172
24-Jun-14,75.31,76.55,74.96,75.37,62817
23-Jun-14,75.28,75.94,74.72,75.67,53658
20-Jun-14,74.65,76.01,74.59,75.56,76940
19-Jun-14,74.82,74.92,73.78,74.74,69762
18-Jun-14,75.16,75.16,73.43,74.78,40870
17-Jun-14,74.38,75.36,73.55,74.86,43441
16-Jun-14,74.53,74.60,73.33,74.23,27826
13-Jun-14,74.93,74.93,73.83,74.41,38923
12-Jun-14,75.80,75.80,73.91,74.49,47468
11-Jun-14,76.98,77.24,75.29,75.70,36021
10-Jun-14,77.76,77.76,76.93,77.25,31107
9-Jun-14,78.04,78.15,77.65,77.98,37628
6-Jun-14,77.58,78.49,77.40,77.86,43918
5-Jun-14,74.47,77.79,74.20,77.08,59574
4-Jun-14,72.14,75.01,72.10,74.55,109113
3-Jun-14,73.33,73.70,71.77,72.62,76675
2-Jun-14,73.78,74.14,72.88,73.96,68217
30-May-14,73.94,74.11,73.41,73.84,74223
29-May-14,74.37,74.54,73.25,73.77,61704
28-May-14,74.65,74.84,73.98,74.04,34989
27-May-14,74.54,75.35,74.31,74.97,68423
23-May-14,73.67,74.14,73.36,74.01,75024
22-May-14,73.51,74.10,73.12,73.71,50933
21-May-14,74.15,74.15,72.29,73.66,60120
20-May-14,73.80,74.77,72.93,73.58,85909
19-May-14,74.92,74.92,73.39,73.80,99900
16-May-14,74.51,74.99,73.80,74.92,65244
15-May-14,74.19,75.00,73.40,74.69,59314
14-May-14,76.48,76.50,74.63,74.75,73504
13-May-14,77.31,77.66,76.22,76.85,70558
12-May-14,75.57,78.25,75.53,77.79,73251
9-May-14,74.05,75.52,73.76,75.42,106721
8-May-14,74.53,75.48,74.40,74.47,77087
7-May-14,73.67,75.06,73.27,74.88,126792
6-May-14,70.72,73.83,70.72,73.76,173209
5-May-14,69.64,71.45,69.08,71.28,160043
2-May-14,61.32,74.10,61.32,70.31,525762
1-May-14,59.02,60.59,58.16,60.41,280986
30-Apr-14,58.03,59.62,58.00,59.37,72010
29-Apr-14,58.59,59.10,58.00,58.35,133422
28-Apr-14,58.90,59.50,58.36,58.55,58144
25-Apr-14,58.28,59.31,58.28,58.75,106486
24-Apr-14,58.73,59.00,58.35,58.70,108419
23-Apr-14,58.95,59.19,58.55,58.61,42755
22-Apr-14,58.66,59.46,58.36,59.11,50214
21-Apr-14,58.73,59.20,58.29,58.55,48020
17-Apr-14,56.64,59.41,56.50,58.84,80782
16-Apr-14,56.45,57.17,55.69,56.72,56720
15-Apr-14,55.56,56.94,55.12,56.03,55942
14-Apr-14,55.81,55.94,55.12,55.54,69638
11-Apr-14,54.77,56.01,54.77,55.14,70833
10-Apr-14,55.34,55.83,55.00,55.40,96782
9-Apr-14,55.24,55.66,54.59,55.49,50060
8-Apr-14,54.97,56.23,54.81,55.19,62641
7-Apr-14,55.05,55.20,54.52,54.94,63186
4-Apr-14,55.88,55.93,54.87,55.40,85746
3-Apr-14,54.57,55.65,54.57,55.42,81654
2-Apr-14,54.62,54.88,54.02,54.60,73099
1-Apr-14,54.55,54.79,53.82,54.71,61896
31-Mar-14,53.44,53.86,53.26,53.58,67372
28-Mar-14,53.45,54.03,52.69,53.29,60762
27-Mar-14,53.76,54.13,52.38,53.60,34482
26-Mar-14,54.53,54.53,53.01,53.61,60096
25-Mar-14,55.25,55.71,53.93,54.10,113455
24-Mar-14,55.51,55.54,54.27,55.16,50077
21-Mar-14,55.44,55.97,54.78,55.55,80629
20-Mar-14,54.87,55.62,54.58,55.08,62246
19-Mar-14,55.05,55.62,54.52,54.78,37217
18-Mar-14,54.68,55.67,54.66,55.25,33064
17-Mar-14,55.24,55.76,54.91,54.93,15897
14-Mar-14,54.41,54.78,54.19,54.50,9756
13-Mar-14,54.97,54.97,54.07,54.57,27751
12-Mar-14,54.61,55.13,54.11,54.94,17835
11-Mar-14,57.36,57.50,54.35,55.02,21327
10-Mar-14,57.36,57.54,56.90,57.51,13269
7-Mar-14,58.14,58.26,56.92,57.28,18294
6-Mar-14,57.57,58.22,57.38,58.00,21865
5-Mar-14,57.08,57.72,56.76,57.04,23870
4-Mar-14,55.88,58.35,55.48,57.00,73233
3-Mar-14,55.11,55.19,54.08,55.00,26990
28-Feb-14,55.57,56.22,55.03,55.31,19336
27-Feb-14,55.32,55.43,54.72,55.38,9922
26-Feb-14,54.58,56.18,54.49,55.68,38490
25-Feb-14,55.06,55.22,54.04,54.31,29516
24-Feb-14,55.60,56.08,54.95,55.26,17744
21-Feb-14,55.60,56.30,55.07,55.32,31839
20-Feb-14,54.34,55.65,54.29,55.30,17288
19-Feb-14,54.68,56.20,54.07,54.27,30728
18-Feb-14,54.85,55.45,54.02,55.03,181915
14-Feb-14,54.59,55.05,53.94,54.35,28545
13-Feb-14,54.11,54.97,53.75,54.50,40779
12-Feb-14,54.06,54.89,53.89,54.36,37668
11-Feb-14,53.94,54.54,53.22,54.00,62699
10-Feb-14,54.56,54.90,52.71,53.94,57619
7-Feb-14,54.03,55.17,53.94,54.75,66730
6-Feb-14,54.41,55.28,53.60,54.09,86483
5-Feb-14,56.40,56.40,53.87,54.11,91989
4-Feb-14,54.81,57.32,53.89,56.70,72162
3-Feb-14,55.75,56.17,52.29,54.33,130618
31-Jan-14,57.25,57.86,56.62,56.88,49681
30-Jan-14,57.72,58.76,57.40,58.19,35978
29-Jan-14,58.74,59.26,57.06,57.51,46898
28-Jan-14,60.07,60.17,58.39,59.03,37962
27-Jan-14,60.98,60.98,59.77,60.03,41692
24-Jan-14,60.89,60.97,60.52,60.83,88662
23-Jan-14,61.09,61.21,60.44,61.13,49349
22-Jan-14,61.40,61.74,61.18,61.52,17583
21-Jan-14,61.33,61.71,60.85,61.58,24302
17-Jan-14,61.76,61.94,60.76,61.12,22873
16-Jan-14,61.85,61.85,61.30,61.65,14427
15-Jan-14,60.81,62.05,60.81,61.78,28712
14-Jan-14,60.34,61.07,60.13,60.88,19217
13-Jan-14,61.23,61.50,59.80,60.34,22526
10-Jan-14,61.74,61.91,61.17,61.54,24463
9-Jan-14,62.61,62.76,61.25,61.94,23274
8-Jan-14,62.81,63.04,61.85,62.39,33030
7-Jan-14,62.98,63.76,62.50,63.03,42842
6-Jan-14,63.15,63.47,62.79,62.91,41650
3-Jan-14,63.01,63.48,62.45,63.07,45804
2-Jan-14,62.62,63.48,62.46,63.15,43596
31-Dec-13,62.72,63.12,62.62,62.88,27671
30-Dec-13,63.21,63.91,62.62,62.76,18192
27-Dec-13,63.70,63.83,62.57,63.14,23438
26-Dec-13,64.26,64.90,62.95,63.41,42870
24-Dec-13,63.54,64.55,63.12,63.98,35296
23-Dec-13,63.17,63.35,62.42,63.28,55390
20-Dec-13,61.27,63.37,61.09,62.72,149724
19-Dec-13,60.62,61.79,59.35,61.04,70511
18-Dec-13,60.20,61.06,58.83,60.87,70546
17-Dec-13,60.44,60.59,59.58,60.32,25757
16-Dec-13,60.22,60.82,60.16,60.65,56139
13-Dec-13,60.53,60.84,59.98,60.16,33585
12-Dec-13,59.35,60.78,59.35,60.52,57575
11-Dec-13,60.58,60.79,59.18,59.47,57678
10-Dec-13,60.66,60.91,60.38,60.66,65304
9-Dec-13,59.39,61.19,59.22,60.91,146464
6-Dec-13,59.00,59.78,58.68,59.51,57662
5-Dec-13,58.06,59.18,57.72,58.66,30746
4-Dec-13,58.07,59.44,57.91,58.20,38352
3-Dec-13,57.40,58.77,57.19,58.51,56087
2-Dec-13,58.67,58.67,56.15,57.67,94486
29-Nov-13,59.25,59.46,58.40,58.92,19971
27-Nov-13,58.73,58.98,57.87,58.80,44759
26-Nov-13,58.81,59.41,58.22,58.51,52129
25-Nov-13,59.08,59.98,58.57,59.00,45765
22-Nov-13,57.90,59.23,57.62,59.08,66141
21-Nov-13,58.12,58.32,57.32,58.19,87145
20-Nov-13,58.50,58.50,57.72,58.02,35196
19-Nov-13,59.50,59.56,58.15,58.40,66716
18-Nov-13,59.93,60.24,59.20,59.66,79969
15-Nov-13,59.65,60.20,59.50,60.05,60579
14-Nov-13,59.93,60.23,59.44,60.01,35202
13-Nov-13,59.91,60.24,59.36,60.14,32644
12-Nov-13,59.13,60.76,58.65,60.34,53154
11-Nov-13,61.83,61.83,59.34,59.55,64661
8-Nov-13,61.66,62.25,61.34,62.23,37980
7-Nov-13,62.70,62.70,61.44,61.84,42505
6-Nov-13,61.75,61.77,61.07,61.71,14463
5-Nov-13,61.08,61.24,59.96,61.22,32204
4-Nov-13,60.99,61.85,60.35,61.53,40422
1-Nov-13,61.04,61.08,59.44,59.90,45897
31-Oct-13,62.61,62.89,61.51,61.51,29219
30-Oct-13,63.07,63.20,61.81,62.43,21199
29-Oct-13,62.48,63.29,62.41,63.20,16485
28-Oct-13,62.35,62.48,61.82,62.41,20403
25-Oct-13,63.45,63.45,61.82,62.48,19814
24-Oct-13,63.62,63.66,62.89,63.20,21033
23-Oct-13,63.07,63.46,62.54,62.92,17240
22-Oct-13,63.00,63.68,62.79,63.28,25428
21-Oct-13,62.48,63.08,62.29,62.99,29034
18-Oct-13,62.07,62.92,61.63,62.68,44095
17-Oct-13,61.02,62.27,61.01,62.12,32605
16-Oct-13,61.27,61.49,60.69,61.49,16828
15-Oct-13,61.62,61.62,60.00,61.09,33532
14-Oct-13,60.62,61.66,60.57,61.66,15166
11-Oct-13,59.17,61.16,59.17,61.10,20827
10-Oct-13,59.20,59.84,58.80,59.80,12482
9-Oct-13,58.05,58.55,58.00,58.24,23038
8-Oct-13,58.00,58.77,58.00,58.00,37278
7-Oct-13,58.00,58.26,57.88,58.03,50632
4-Oct-13,58.00,58.75,58.00,58.40,19410
3-Oct-13,58.60,58.60,57.95,58.07,24490
2-Oct-13,59.75,59.75,58.60,58.81,22043
1-Oct-13,59.23,60.10,59.23,60.10,19641
30-Sep-13,59.22,59.48,58.81,59.40,55732
27-Sep-13,59.55,59.65,59.19,59.41,14932
26-Sep-13,60.23,60.39,59.39,59.92,24414
25-Sep-13,59.00,60.47,58.96,60.25,76478
24-Sep-13,58.75,59.90,58.67,59.10,51247
23-Sep-13,58.90,59.36,58.29,58.97,61106
20-Sep-13,58.46,59.24,58.35,58.76,67380
19-Sep-13,58.08,58.35,57.39,58.10,40845
18-Sep-13,57.55,58.08,56.39,57.76,38310
17-Sep-13,56.92,57.80,56.22,57.04,38275
16-Sep-13,58.08,58.08,56.71,57.15,42347
13-Sep-13,56.02,56.88,55.85,56.75,34404
12-Sep-13,56.28,56.28,55.26,55.70,18575
11-Sep-13,55.64,56.92,55.00,55.90,38016
10-Sep-13,55.45,56.18,54.93,55.89,52799
9-Sep-13,53.50,55.61,53.50,55.41,40135
6-Sep-13,54.00,54.00,52.67,53.43,68232
5-Sep-13,52.50,54.29,52.50,53.99,108959
4-Sep-13,52.85,53.00,52.00,52.56,64296
3-Sep-13,54.03,54.69,52.74,52.92,68595
30-Aug-13,54.38,54.38,52.49,53.39,41984
29-Aug-13,55.40,55.48,54.04,54.48,33728
28-Aug-13,56.50,57.34,55.21,55.30,23152
27-Aug-13,57.47,57.57,55.01,56.37,55152
26-Aug-13,57.71,58.92,57.69,58.71,27304
23-Aug-13,56.90,57.56,56.23,57.41,26384
22-Aug-13,56.80,57.35,56.14,56.99,20719
21-Aug-13,56.96,57.69,56.19,56.77,11910
20-Aug-13,57.10,57.69,56.81,57.41,12118
19-Aug-13,58.18,58.18,56.70,56.92,21712
16-Aug-13,58.79,59.31,58.20,58.43,16255
15-Aug-13,59.00,59.97,57.88,59.17,49594
14-Aug-13,59.79,60.50,59.30,59.79,47768
13-Aug-13,59.95,60.08,59.62,59.95,17534
12-Aug-13,59.56,60.15,58.03,59.98,110688
9-Aug-13,59.50,60.05,59.37,59.77,46115
8-Aug-13,60.16,60.16,59.18,59.86,12284
7-Aug-13,59.55,59.98,59.28,59.67,9100
6-Aug-13,60.96,60.96,58.81,59.40,9124
5-Aug-13,60.12,60.22,59.52,59.98,8546
2-Aug-13,59.39,60.24,59.39,60.12,16263
1-Aug-13,59.45,59.96,59.07,59.87,27096
31-Jul-13,58.99,59.51,58.62,59.03,16658
30-Jul-13,58.80,59.32,57.67,58.95,21885
29-Jul-13,58.70,59.20,58.33,58.70,11630
26-Jul-13,59.36,60.23,58.77,59.02,14148
25-Jul-13,59.04,60.09,59.04,59.98,28004
24-Jul-13,59.26,59.53,58.91,59.44,42057
23-Jul-13,58.91,59.36,58.82,59.26,10338
22-Jul-13,59.45,59.67,58.68,59.11,30445
19-Jul-13,59.23,59.75,58.58,59.38,26131
18-Jul-13,58.60,59.55,58.45,59.16,15198
17-Jul-13,59.42,59.85,58.48,58.60,25635
16-Jul-13,58.57,59.06,58.35,58.92,17477
15-Jul-13,58.05,58.87,58.05,58.69,38858
12-Jul-13,58.46,58.46,57.73,58.17,33691
11-Jul-13,58.35,58.50,57.74,58.36,40362
10-Jul-13,57.46,58.46,57.46,57.75,19245
9-Jul-13,56.21,57.85,55.95,57.63,32662
8-Jul-13,55.30,56.09,55.18,55.86,33333
5-Jul-13,55.00,55.27,54.24,55.22,27813
3-Jul-13,54.08,54.48,53.87,54.24,11505
2-Jul-13,54.22,54.96,53.73,54.18,23401
1-Jul-13,53.46,54.72,53.08,54.39,41619
28-Jun-13,54.76,54.77,52.71,52.75,113240
27-Jun-13,53.11,54.96,52.83,54.74,34270
26-Jun-13,52.89,53.64,52.46,52.96,102690
25-Jun-13,52.24,52.75,51.36,52.29,72328
24-Jun-13,52.87,52.94,51.39,51.89,49029
21-Jun-13,53.31,53.63,52.24,53.31,57025
20-Jun-13,52.80,53.91,52.21,53.14,61030
19-Jun-13,54.45,54.85,53.22,53.78,142570
18-Jun-13,53.10,54.63,52.20,54.63,36160
17-Jun-13,51.56,52.95,51.38,52.85,22283
14-Jun-13,52.84,52.91,51.15,51.47,29772
13-Jun-13,52.45,53.76,51.88,53.07,45637
12-Jun-13,53.71,53.71,51.88,52.38,17509
11-Jun-13,53.53,53.63,52.52,53.32,13070
10-Jun-13,53.81,54.22,52.85,53.99,9833
7-Jun-13,53.12,54.06,53.09,53.75,7641
6-Jun-13,52.56,52.74,52.03,52.69,21472
5-Jun-13,53.44,53.44,52.31,52.60,17846
4-Jun-13,53.89,54.13,53.27,53.65,35131
3-Jun-13,52.47,53.90,52.32,53.81,57463
31-May-13,52.04,52.33,51.83,52.17,41929
30-May-13,52.39,52.50,52.00,52.49,18545
29-May-13,52.17,52.43,51.58,52.14,24487
28-May-13,52.05,53.12,51.51,52.37,28408
24-May-13,51.54,51.81,51.02,51.80,15602
23-May-13,50.50,51.98,50.33,51.67,19744
22-May-13,51.24,51.84,50.66,51.39,26947
21-May-13,51.14,51.72,50.67,51.35,13770
20-May-13,52.13,52.13,50.78,51.31,95632
17-May-13,50.75,53.04,50.75,52.84,49027
16-May-13,50.95,50.95,49.26,50.05,28548
15-May-13,52.14,52.14,50.57,51.25,32700
14-May-13,52.07,52.65,51.92,52.09,25644
13-May-13,52.62,52.62,52.06,52.28,10795
10-May-13,53.53,53.88,52.42,52.70,65669
9-May-13,52.77,53.53,52.75,53.31,27667
8-May-13,52.69,52.72,51.44,52.70,28996
7-May-13,53.53,53.53,52.20,52.98,17166
6-May-13,53.26,53.78,52.46,53.46,37069
3-May-13,51.90,54.00,51.90,53.22,37077
2-May-13,51.70,51.84,51.14,51.58,33554
1-May-13,52.54,52.64,50.49,51.38,95069
30-Apr-13,53.50,53.50,51.59,52.90,22582
29-Apr-13,53.25,53.77,52.94,53.19,13261
26-Apr-13,53.37,53.43,52.50,52.86,31835
25-Apr-13,54.09,54.60,53.14,53.39,30523
24-Apr-13,53.27,54.10,53.05,53.81,26354
23-Apr-13,50.95,53.51,50.46,53.14,53851
22-Apr-13,50.69,51.57,49.81,50.47,23485
19-Apr-13,49.91,50.90,49.88,50.76,21698
18-Apr-13,49.83,50.60,49.66,50.16,44051
17-Apr-13,49.82,50.73,49.18,49.89,38277
16-Apr-13,51.63,51.79,49.47,50.38,25187
15-Apr-13,51.60,52.20,50.54,51.17,53292
12-Apr-13,52.28,53.07,51.78,52.09,31559
11-Apr-13,53.30,53.50,51.96,52.36,16440
10-Apr-13,51.43,53.74,51.43,53.39,21607
9-Apr-13,52.88,52.88,51.22,51.42,21360
8-Apr-13,51.76,53.50,51.51,52.90,30456
5-Apr-13,51.42,52.41,51.00,51.74,33452
4-Apr-13,52.08,52.38,51.46,52.16,24350
3-Apr-13,54.10,54.10,51.66,52.22,40711
2-Apr-13,54.37,54.86,53.87,54.15,34448
1-Apr-13,55.05,55.18,53.64,54.16,34312
28-Mar-13,55.29,55.58,55.10,55.22,32154
27-Mar-13,55.05,55.46,54.79,55.29,19546
26-Mar-13,55.66,55.80,55.42,55.60,26991
25-Mar-13,55.19,55.92,54.58,55.51,34909
22-Mar-13,55.39,55.41,55.00,55.17,25459
21-Mar-13,54.91,55.42,54.91,55.25,38061
20-Mar-13,55.26,55.26,54.81,55.19,70734
19-Mar-13,55.13,55.32,54.77,55.10,81532
18-Mar-13,55.75,55.75,54.50,55.05,54271
15-Mar-13,56.68,57.64,56.02,56.68,71549
14-Mar-13,56.58,56.63,55.95,56.63,16863
13-Mar-13,55.97,56.48,55.95,56.30,19838
12-Mar-13,56.14,56.15,55.87,56.15,15768
11-Mar-13,55.24,56.58,55.24,56.14,39923
8-Mar-13,54.32,55.47,54.32,55.38,53237
7-Mar-13,54.58,54.64,53.72,54.24,24845
6-Mar-13,54.00,54.89,53.62,54.72,23092
5-Mar-13,56.20,56.20,51.58,53.66,40623
4-Mar-13,54.88,54.88,52.01,53.09,30289
1-Mar-13,53.10,55.32,52.90,55.19,23171
28-Feb-13,53.79,54.56,53.26,53.82,18377
27-Feb-13,53.29,54.36,53.29,53.72,14740
26-Feb-13,52.75,53.60,52.38,53.18,42161
25-Feb-13,55.33,55.33,52.46,52.68,31065
22-Feb-13,54.57,55.22,53.80,55.19,14172
21-Feb-13,54.24,54.40,53.24,54.15,16007
20-Feb-13,56.15,56.15,54.36,54.45,28248
19-Feb-13,55.74,56.53,55.00,56.22,82177
15-Feb-13,56.47,56.47,55.23,55.46,33680
14-Feb-13,55.54,56.30,55.51,56.02,19678
13-Feb-13,55.31,56.15,55.16,55.87,29831
12-Feb-13,55.70,55.94,55.28,55.36,26267
11-Feb-13,55.60,55.60,53.98,55.50,21988
8-Feb-13,55.40,56.24,54.99,55.64,42558
7-Feb-13,55.66,56.08,55.03,55.42,20219
6-Feb-13,56.74,56.77,55.18,55.87,20191
5-Feb-13,56.52,57.25,56.23,56.96,68503
4-Feb-13,56.28,57.21,55.64,56.16,45187
1-Feb-13,57.40,57.41,56.48,56.49,35094
31-Jan-13,56.42,57.07,55.92,56.65,30640
30-Jan-13,57.05,57.48,56.45,56.72,39068
29-Jan-13,56.24,57.60,56.12,57.28,54589
28-Jan-13,56.44,56.72,55.85,56.52,45289
25-Jan-13,55.95,56.54,55.74,56.44,30722
24-Jan-13,55.44,55.90,55.19,55.68,19391
23-Jan-13,55.28,55.48,55.03,55.44,15719
22-Jan-13,55.62,55.62,55.01,55.48,24067
18-Jan-13,55.00,55.59,54.66,55.50,19093
17-Jan-13,54.88,55.15,54.13,54.97,17476
16-Jan-13,54.05,54.88,54.05,54.66,23775
15-Jan-13,54.50,54.96,54.13,54.34,11175
14-Jan-13,54.94,55.11,54.28,54.71,47880
11-Jan-13,54.12,55.10,53.77,54.96,49971
10-Jan-13,53.88,54.44,53.04,54.41,39760
9-Jan-13,52.59,53.76,52.03,53.76,47941
8-Jan-13,51.80,52.41,51.28,52.39,53148
7-Jan-13,51.99,52.00,51.48,51.72,13169
4-Jan-13,51.98,52.25,51.77,52.20,22885
3-Jan-13,52.09,52.38,51.33,51.62,23478
2-Jan-13,52.52,52.98,51.84,52.27,59706
31-Dec-12,49.85,51.57,49.59,51.29,32063
28-Dec-12,49.52,50.41,49.52,49.95,12676
27-Dec-12,49.33,49.94,47.43,49.66,43307
26-Dec-12,49.12,49.92,48.64,49.42,22334
24-Dec-12,50.46,51.05,49.10,49.17,31220
21-Dec-12,50.35,50.62,49.77,50.08,198840
20-Dec-12,49.97,50.64,49.37,50.60,17056
19-Dec-12,50.00,50.39,49.61,50.06,17178
18-Dec-12,48.60,49.93,48.45,49.87,39035
17-Dec-12,48.15,48.59,48.03,48.57,32581
14-Dec-12,47.50,48.47,47.18,48.10,30092
13-Dec-12,47.73,47.97,47.34,47.55,19234
12-Dec-12,48.64,48.72,47.37,47.53,34493
11-Dec-12,48.75,48.87,47.94,48.38,37589
10-Dec-12,48.01,48.50,47.71,48.24,37363
7-Dec-12,48.66,48.66,47.30,48.03,25039
6-Dec-12,48.30,48.84,47.44,48.28,11556
5-Dec-12,49.69,49.69,47.69,48.33,28927
4-Dec-12,49.45,49.60,48.50,49.60,18885
3-Dec-12,49.62,49.62,48.67,49.28,24861
30-Nov-12,48.00,49.26,46.74,49.26,53868
29-Nov-12,47.23,47.86,46.62,47.84,29152
28-Nov-12,47.19,47.19,45.53,46.69,38676
27-Nov-12,46.72,47.98,46.72,47.32,26434
26-Nov-12,46.30,46.87,46.19,46.73,32494
23-Nov-12,46.24,46.62,45.89,46.43,11189
21-Nov-12,46.42,46.48,45.75,46.15,9545
20-Nov-12,46.31,46.52,45.57,46.48,7580
19-Nov-12,46.56,46.96,45.25,46.49,29291
16-Nov-12,45.12,46.57,45.00,46.13,48217
15-Nov-12,46.75,46.98,44.32,45.34,37922
14-Nov-12,47.98,48.46,46.15,46.68,36047
13-Nov-12,47.55,48.40,47.55,47.76,19337
12-Nov-12,47.08,47.96,46.77,47.53,22767
9-Nov-12,46.69,47.94,44.93,46.76,18023
8-Nov-12,48.23,48.23,46.86,47.07,26752
7-Nov-12,49.95,50.14,48.06,48.11,32424
6-Nov-12,50.27,50.76,49.30,50.64,18652
5-Nov-12,50.28,50.54,49.24,49.92,25678
2-Nov-12,50.84,52.14,50.00,50.16,47027
1-Nov-12,46.25,50.80,45.96,50.79,67906
31-Oct-12,45.15,46.24,45.14,46.24,21591
26-Oct-12,45.36,45.55,44.91,45.27,15730
25-Oct-12,44.39,45.24,44.06,45.24,18644
24-Oct-12,44.42,44.42,43.94,44.07,15868
23-Oct-12,43.40,44.24,43.29,44.21,25540
22-Oct-12,43.48,43.63,43.00,43.58,36495
19-Oct-12,44.28,44.28,43.04,43.50,38373
18-Oct-12,44.84,44.86,44.06,44.58,29932
17-Oct-12,45.82,46.00,44.71,44.74,55470
16-Oct-12,45.13,45.82,44.91,45.60,32735
15-Oct-12,44.34,44.62,44.01,44.58,14846
12-Oct-12,44.63,45.33,44.05,44.13,16612
11-Oct-12,45.91,46.11,44.63,44.65,22722
10-Oct-12,45.08,45.54,44.79,45.35,32235
9-Oct-12,45.72,45.74,44.62,44.72,18762
8-Oct-12,45.24,45.80,44.94,45.50,11353
5-Oct-12,45.03,45.95,45.03,45.46,13689
4-Oct-12,44.80,45.36,44.19,44.94,50826
3-Oct-12,44.73,44.80,44.30,44.50,17665
2-Oct-12,45.08,45.41,44.57,44.65,33465
1-Oct-12,44.53,45.56,44.40,44.63,40396
28-Sep-12,44.58,45.00,44.13,44.45,28018
27-Sep-12,45.16,45.16,44.39,44.90,29522
26-Sep-12,45.06,45.46,44.53,44.81,25908
25-Sep-12,46.54,47.34,44.63,44.86,89324
24-Sep-12,45.52,46.66,45.52,46.29,45119
21-Sep-12,46.05,46.07,45.65,45.74,55109
20-Sep-12,44.67,45.57,44.63,45.43,16867
19-Sep-12,44.46,45.14,44.46,44.85,39087
18-Sep-12,44.50,44.88,44.50,44.67,37135
17-Sep-12,44.53,44.86,44.01,44.80,32650
14-Sep-12,45.76,46.25,44.40,44.76,73931
13-Sep-12,44.91,45.72,44.37,45.48,37007
12-Sep-12,46.24,46.69,44.37,45.01,51587
11-Sep-12,45.56,46.71,45.56,46.35,60814
10-Sep-12,45.42,45.75,44.93,45.66,38045
7-Sep-12,45.62,45.62,45.18,45.42,36966
6-Sep-12,44.73,45.75,44.35,45.39,39708
5-Sep-12,44.93,45.30,44.23,44.32,32716
4-Sep-12,44.50,44.98,43.73,44.74,72255
31-Aug-12,44.93,45.37,44.47,44.64,45267
30-Aug-12,45.14,45.50,44.57,44.71,44792
29-Aug-12,44.70,45.50,44.60,45.49,46310
28-Aug-12,44.94,45.75,44.43,44.45,97153
27-Aug-12,42.75,44.74,42.66,44.20,71236
24-Aug-12,43.36,43.78,41.92,42.61,46396
23-Aug-12,44.43,44.45,43.32,43.55,28179
22-Aug-12,44.97,45.15,44.22,44.43,32350
21-Aug-12,45.03,46.00,44.91,45.43,27370
20-Aug-12,44.28,45.27,44.00,44.68,32947
17-Aug-12,43.81,44.85,43.38,44.55,35814
16-Aug-12,42.97,44.32,42.29,43.96,39295
15-Aug-12,41.81,43.05,41.81,42.96,20615
14-Aug-12,43.11,43.19,41.78,42.02,34357
13-Aug-12,42.82,42.93,41.81,42.70,13712
10-Aug-12,42.87,43.21,42.40,42.80,25208
9-Aug-12,44.25,45.14,42.86,42.90,44246
8-Aug-12,42.87,44.64,42.87,44.43,29513
7-Aug-12,43.60,44.16,43.28,44.01,23112
6-Aug-12,43.35,44.16,42.95,43.36,38762
3-Aug-12,42.93,43.73,42.93,43.52,41425
2-Aug-12,42.04,42.52,42.04,42.29,24534
1-Aug-12,43.19,43.62,42.10,42.10,46508
31-Jul-12,42.93,43.55,42.76,42.78,38649
30-Jul-12,43.38,43.42,42.75,43.15,17584
27-Jul-12,42.98,43.57,42.63,43.27,92261
26-Jul-12,43.87,43.99,42.28,42.89,19589
25-Jul-12,43.03,43.45,42.56,42.96,33938
24-Jul-12,43.56,43.56,42.14,42.55,26630
23-Jul-12,43.08,43.68,42.86,43.27,24781
20-Jul-12,46.23,46.83,43.71,44.01,61563
19-Jul-12,46.47,46.47,45.03,45.39,47972
18-Jul-12,45.70,46.58,45.65,46.39,26889
17-Jul-12,45.76,46.26,45.33,45.67,30386
16-Jul-12,45.65,46.03,45.20,45.42,27877
13-Jul-12,44.71,46.19,44.66,45.92,43644
12-Jul-12,43.27,44.80,43.16,44.38,50425
11-Jul-12,43.77,44.02,42.47,43.61,50534
10-Jul-12,43.62,44.04,43.20,43.55,82675
9-Jul-12,42.50,43.32,42.27,43.17,74429
6-Jul-12,41.90,42.80,41.78,42.50,71344
5-Jul-12,42.82,42.84,41.66,42.39,66205
3-Jul-12,42.63,43.38,42.36,43.00,24392
2-Jul-12,42.75,42.91,41.29,42.89,60747
29-Jun-12,41.33,42.84,41.19,42.57,43119
28-Jun-12,39.70,40.54,39.00,40.47,36990
27-Jun-12,39.60,40.56,39.36,40.21,51875
26-Jun-12,39.58,39.78,39.17,39.49,36277
25-Jun-12,40.00,40.00,38.83,39.25,35401
22-Jun-12,40.08,40.89,39.81,40.54,79964
21-Jun-12,40.92,41.04,39.67,39.74,49258
20-Jun-12,41.45,42.03,40.93,41.06,18276
19-Jun-12,39.67,41.86,39.67,41.37,61620
18-Jun-12,39.48,39.98,39.05,39.60,25721
15-Jun-12,40.33,40.51,39.48,39.62,73147
14-Jun-12,39.33,40.43,39.33,40.35,38721
13-Jun-12,40.54,40.56,38.87,39.15,27673
12-Jun-12,40.31,40.76,40.00,40.59,18293
11-Jun-12,41.56,41.56,39.70,39.92,35692
8-Jun-12,40.02,41.35,40.01,41.15,18479
7-Jun-12,40.97,41.14,39.93,40.02,44102
6-Jun-12,39.10,40.35,39.09,40.30,51768
5-Jun-12,38.97,39.12,38.27,38.71,31219
4-Jun-12,39.34,39.75,38.66,39.10,28324
1-Jun-12,39.75,40.19,38.78,38.95,39301
31-May-12,41.10,41.22,39.93,40.69,101399
30-May-12,41.04,41.96,40.93,41.14,60659
29-May-12,41.30,42.15,40.89,41.40,42790
25-May-12,41.66,41.92,40.83,41.03,27216
24-May-12,41.01,41.58,40.04,41.58,63501
23-May-12,40.34,41.25,40.11,40.86,76243
22-May-12,40.89,41.19,40.25,40.73,61424
21-May-12,41.01,41.25,40.43,40.94,50614
18-May-12,40.98,41.93,40.64,41.04,65351
17-May-12,41.76,41.95,40.66,40.96,30751
16-May-12,42.76,42.85,41.68,41.83,45721
15-May-12,42.57,43.04,42.20,42.50,53855
14-May-12,43.66,43.66,42.39,42.63,45693
11-May-12,44.47,45.17,43.58,44.21,34171
10-May-12,44.78,45.42,44.56,44.95,42188
9-May-12,44.83,45.25,44.27,44.49,34696
8-May-12,44.35,45.49,44.35,45.30,73128
7-May-12,44.05,45.17,43.70,44.67,28430
4-May-12,45.26,45.26,43.28,44.27,74187
3-May-12,45.09,45.51,44.74,45.47,48854
2-May-12,43.52,45.12,43.50,45.08,45005
1-May-12,44.03,46.05,43.58,43.64,52579
30-Apr-12,44.94,45.15,43.76,44.06,82972
27-Apr-12,43.77,45.37,43.57,45.22,48026
26-Apr-12,42.96,43.86,42.84,43.67,42165
25-Apr-12,42.89,43.45,42.30,43.23,64932
24-Apr-12,42.00,42.69,41.86,42.38,54950
23-Apr-12,42.86,42.86,41.63,42.00,44443
20-Apr-12,42.03,43.06,41.92,42.97,39732
19-Apr-12,41.50,41.82,40.94,41.32,42936
18-Apr-12,41.75,42.13,41.19,41.50,34185
17-Apr-12,42.28,42.86,41.66,41.79,31366
16-Apr-12,41.66,42.59,41.50,41.74,36245
13-Apr-12,41.62,41.64,41.25,41.45,47575
12-Apr-12,41.50,42.31,41.50,41.92,34628
11-Apr-12,40.91,41.38,40.84,41.38,46194
10-Apr-12,41.57,41.60,40.23,40.33,60873
9-Apr-12,41.07,41.87,40.80,41.52,68944
5-Apr-12,41.74,42.36,41.67,42.06,44005
4-Apr-12,41.60,42.15,41.51,42.08,48729
3-Apr-12,42.17,42.52,41.85,42.27,43160
2-Apr-12,41.25,42.24,40.99,42.21,79070
30-Mar-12,41.04,41.70,40.94,41.19,40355
29-Mar-12,39.65,40.75,38.78,40.56,35303
28-Mar-12,40.33,40.66,39.73,40.08,32968
27-Mar-12,41.04,41.16,40.20,40.32,29662
26-Mar-12,40.04,41.06,40.04,41.02,51613
23-Mar-12,39.04,39.72,38.75,39.55,39341
22-Mar-12,39.25,39.30,38.35,38.85,37202
21-Mar-12,39.64,39.93,39.26,39.35,27575
20-Mar-12,39.34,39.65,39.21,39.44,39651
19-Mar-12,39.48,40.35,39.29,39.81,49840
16-Mar-12,39.05,39.60,38.96,39.40,109737
15-Mar-12,38.74,38.98,38.22,38.95,43227
14-Mar-12,39.39,39.70,38.37,38.65,46725
13-Mar-12,38.51,39.52,38.37,39.50,97271
12-Mar-12,38.25,38.39,38.01,38.10,66199
9-Mar-12,37.40,38.90,37.37,38.30,55209
8-Mar-12,36.99,37.44,36.60,37.35,50498
7-Mar-12,36.18,36.81,36.18,36.61,31277
6-Mar-12,35.97,36.60,35.58,36.00,59069
5-Mar-12,36.58,36.70,36.10,36.30,65650
2-Mar-12,37.65,37.72,36.55,36.60,57427
1-Mar-12,38.42,38.56,37.58,37.61,66339
29-Feb-12,39.33,39.52,38.21,38.21,58623
28-Feb-12,39.80,39.81,38.80,39.05,53099
27-Feb-12,39.90,40.45,39.05,39.86,32965
24-Feb-12,41.44,41.46,40.07,40.09,33309
23-Feb-12,40.50,41.59,40.01,41.44,52123
22-Feb-12,40.32,41.04,40.32,40.50,45337
21-Feb-12,40.64,41.66,40.35,40.64,82475
17-Feb-12,40.70,40.96,40.17,40.60,70193
16-Feb-12,39.86,40.64,39.86,40.45,45399
15-Feb-12,41.38,41.38,39.43,39.78,83311
14-Feb-12,41.72,42.43,40.43,41.22,61295
13-Feb-12,41.75,42.67,41.63,42.42,49331
10-Feb-12,40.68,41.42,40.40,41.11,43526
9-Feb-12,41.34,41.60,40.87,40.94,25603
8-Feb-12,41.67,41.73,40.92,41.29,27225
7-Feb-12,41.66,42.07,41.32,41.43,33333
6-Feb-12,42.71,42.72,41.78,41.91,27983
3-Feb-12,42.65,43.92,42.43,42.61,48112
2-Feb-12,41.66,41.99,41.15,41.83,46112
1-Feb-12,40.40,42.00,40.22,41.78,58707
31-Jan-12,39.56,40.24,39.18,40.09,37512
30-Jan-12,39.32,39.59,39.09,39.37,17422
27-Jan-12,39.05,39.69,38.88,39.61,28495
26-Jan-12,39.38,39.85,38.80,39.40,37167
25-Jan-12,38.44,39.44,38.23,39.07,21508
24-Jan-12,38.09,38.77,38.03,38.70,41946
23-Jan-12,39.08,39.08,38.06,38.46,32157
20-Jan-12,38.09,39.25,38.09,38.96,29765
19-Jan-12,38.68,38.68,37.74,38.33,28099
18-Jan-12,37.83,38.72,37.47,38.69,29992
17-Jan-12,38.01,38.10,37.55,37.94,58304
13-Jan-12,37.17,37.93,37.04,37.63,23779
12-Jan-12,37.23,37.89,36.56,37.66,26344
11-Jan-12,36.69,37.32,36.69,37.05,60341
10-Jan-12,36.81,36.81,36.19,36.74,57020
9-Jan-12,35.99,36.24,35.38,36.21,42270
6-Jan-12,35.89,35.96,35.39,35.77,36546
5-Jan-12,35.51,36.07,35.08,35.83,24775
4-Jan-12,35.08,36.03,35.08,35.62,37400
3-Jan-12,35.07,36.02,34.88,35.32,62730
30-Dec-11,34.95,35.39,34.16,34.17,50682
29-Dec-11,34.99,35.22,34.90,35.06,47996
28-Dec-11,35.51,35.65,34.88,35.01,31888
27-Dec-11,35.13,35.83,34.83,35.64,30901
23-Dec-11,35.32,35.45,35.12,35.36,18995
22-Dec-11,35.04,36.07,34.87,35.22,29387
21-Dec-11,34.64,35.14,34.17,34.87,22975
20-Dec-11,34.12,34.93,34.06,34.84,37259
19-Dec-11,34.47,34.95,33.20,33.27,59894
16-Dec-11,33.98,35.08,33.63,34.18,107394
15-Dec-11,33.26,33.98,33.14,33.60,46714
14-Dec-11,32.26,32.90,32.01,32.81,54196
13-Dec-11,33.37,34.01,32.48,32.62,53048
12-Dec-11,33.02,33.28,32.35,32.94,44183
9-Dec-11,32.27,33.72,31.81,33.55,56061
8-Dec-11,33.08,33.29,31.94,32.05,47998
7-Dec-11,33.01,33.79,32.48,33.49,46179
6-Dec-11,32.74,33.31,32.28,33.18,46289
5-Dec-11,32.75,33.00,31.94,32.57,45709
2-Dec-11,32.31,32.31,31.60,32.04,35056
1-Dec-11,31.70,32.57,31.03,31.72,54360
30-Nov-11,31.30,32.02,30.97,31.93,132336
29-Nov-11,30.48,30.71,29.41,29.75,73648
28-Nov-11,30.23,30.87,30.03,30.30,66610
25-Nov-11,29.22,29.72,28.95,28.95,29958
23-Nov-11,31.15,31.16,29.36,29.39,69680
22-Nov-11,31.86,32.23,31.33,31.43,31227
21-Nov-11,32.08,32.41,31.56,31.76,52112
18-Nov-11,33.41,33.50,32.48,32.90,79991
17-Nov-11,34.42,34.61,32.96,33.32,65628
16-Nov-11,34.97,35.27,34.16,34.26,57460
15-Nov-11,35.37,35.74,35.12,35.41,47897
14-Nov-11,36.01,36.50,35.17,35.55,49637
11-Nov-11,36.07,36.14,35.49,35.90,61658
10-Nov-11,36.62,37.52,35.04,35.52,49092
9-Nov-11,37.27,37.76,36.13,36.24,61398
8-Nov-11,38.04,38.60,36.84,38.39,50891
7-Nov-11,37.50,37.88,36.21,37.60,38241
4-Nov-11,37.56,37.90,36.42,37.62,36137
3-Nov-11,37.60,38.45,36.55,38.13,47623
2-Nov-11,36.86,37.42,36.19,37.07,53826
1-Nov-11,36.54,37.46,35.38,36.10,83689
31-Oct-11,38.93,39.69,38.52,38.61,36319
28-Oct-11,39.24,40.43,39.00,39.93,86254
27-Oct-11,37.50,39.99,37.00,39.61,111775
26-Oct-11,37.18,37.53,35.94,37.25,59203
25-Oct-11,37.20,37.42,36.22,36.32,35217
24-Oct-11,37.08,38.00,36.69,37.73,35106
21-Oct-11,36.33,36.95,35.86,36.84,49024
20-Oct-11,35.41,36.01,33.76,35.78,36710
19-Oct-11,36.21,36.28,35.16,35.34,28178
18-Oct-11,34.50,37.52,34.14,36.33,75888
17-Oct-11,35.58,35.58,34.11,34.28,48579
14-Oct-11,36.30,36.62,35.68,36.03,41580
13-Oct-11,36.00,36.20,35.39,36.02,18719
12-Oct-11,35.51,36.63,35.44,36.34,47543
11-Oct-11,35.10,35.74,34.66,35.50,42770
10-Oct-11,34.42,35.31,34.25,35.30,69602
7-Oct-11,34.74,34.91,33.23,33.49,72439
6-Oct-11,34.28,34.92,33.82,34.80,64854
5-Oct-11,32.81,34.50,32.17,34.33,75038
4-Oct-11,29.08,33.10,29.08,32.98,117451
3-Oct-11,30.86,31.81,29.36,29.36,81811
30-Sep-11,31.23,32.72,31.10,31.13,62077
29-Sep-11,31.08,31.80,30.19,31.80,74931
28-Sep-11,31.46,31.75,29.96,30.19,82500
27-Sep-11,32.26,32.54,31.04,31.47,121428
26-Sep-11,31.52,31.55,30.48,31.46,79652
23-Sep-11,30.95,31.67,30.34,31.10,70031
22-Sep-11,30.48,31.62,29.98,30.83,87282
21-Sep-11,33.61,34.03,31.50,31.57,56096
20-Sep-11,35.92,36.22,33.61,33.73,75583
19-Sep-11,35.61,36.00,35.06,35.70,30925
16-Sep-11,36.50,36.68,36.01,36.31,86376
15-Sep-11,35.07,36.42,34.67,36.21,51689
14-Sep-11,34.52,35.39,33.78,34.86,80732
13-Sep-11,33.24,34.45,32.78,34.34,88550
12-Sep-11,31.40,33.10,31.40,33.03,62231
9-Sep-11,32.13,32.93,31.20,31.79,112546
8-Sep-11,30.36,33.61,30.36,32.54,140288
7-Sep-11,27.68,30.46,27.68,30.36,186662
6-Sep-11,26.12,26.98,25.71,26.47,47547
2-Sep-11,27.47,27.83,26.54,27.12,48535
1-Sep-11,29.12,29.99,27.80,28.24,73089
31-Aug-11,29.89,29.92,28.63,29.10,90543
30-Aug-11,29.00,29.96,28.49,29.74,25328
29-Aug-11,28.14,29.39,28.14,29.28,41876
26-Aug-11,26.52,28.37,26.52,28.01,45308
25-Aug-11,28.52,28.52,26.36,26.60,73718
24-Aug-11,27.03,28.25,27.03,28.12,44381
23-Aug-11,25.36,27.10,25.11,27.09,64590
22-Aug-11,26.37,26.37,25.16,25.29,67685
19-Aug-11,25.91,27.21,25.72,25.79,47543
18-Aug-11,27.70,27.70,25.21,25.92,97387
17-Aug-11,28.73,28.78,27.48,28.06,29220
16-Aug-11,28.54,29.02,27.86,28.46,40645
15-Aug-11,28.61,29.11,28.31,29.07,22485
12-Aug-11,28.84,28.84,27.72,28.45,31275
11-Aug-11,27.28,29.13,27.10,28.80,66741
10-Aug-11,28.73,28.90,26.76,26.97,75394
9-Aug-11,28.37,29.99,26.26,29.90,78519
8-Aug-11,29.48,30.27,26.29,27.41,164348
5-Aug-11,31.20,31.20,29.20,30.40,82864
4-Aug-11,32.06,32.20,30.80,30.80,62192
3-Aug-11,31.72,32.68,31.15,32.49,76731
2-Aug-11,32.12,32.44,31.57,31.58,61230
1-Aug-11,32.69,32.69,31.76,32.27,47110
29-Jul-11,31.91,32.59,31.58,32.19,53681
28-Jul-11,33.03,33.40,32.12,32.23,56134
27-Jul-11,33.63,33.68,32.85,33.13,45778
26-Jul-11,34.41,34.41,33.39,33.83,35699
25-Jul-11,34.09,34.67,34.09,34.40,43350
22-Jul-11,34.61,34.75,32.70,34.50,29581
21-Jul-11,34.33,34.85,34.15,34.53,45522
20-Jul-11,33.99,34.17,33.80,34.10,13531
19-Jul-11,33.91,34.09,33.48,34.06,31111
18-Jul-11,33.85,34.30,33.45,33.63,105699
15-Jul-11,33.55,33.99,33.55,33.94,40635
14-Jul-11,33.60,34.08,33.44,33.54,51821
13-Jul-11,33.12,33.82,32.95,33.59,76131
12-Jul-11,32.41,33.38,32.35,32.95,65992
11-Jul-11,32.09,32.67,32.09,32.50,40199
8-Jul-11,31.82,32.60,31.35,32.55,44360
7-Jul-11,32.09,32.70,31.84,32.36,26233
6-Jul-11,30.64,31.90,30.53,31.85,50195
5-Jul-11,30.75,31.00,30.55,30.80,40251
1-Jul-11,30.61,30.96,30.16,30.63,89237
30-Jun-11,30.16,30.76,30.16,30.67,35910
29-Jun-11,30.14,30.23,29.93,29.99,37400
28-Jun-11,29.91,30.07,29.71,30.03,52647
27-Jun-11,29.08,29.90,28.87,29.82,61040
24-Jun-11,29.57,29.59,28.85,28.86,120561
23-Jun-11,30.09,30.17,29.24,29.50,62342
22-Jun-11,30.48,30.88,30.35,30.55,21344
21-Jun-11,30.67,31.11,30.23,30.66,53114
20-Jun-11,29.57,30.52,29.57,30.37,43232
17-Jun-11,30.23,30.88,29.74,29.78,57274
16-Jun-11,30.08,30.30,29.56,29.98,44403
15-Jun-11,30.41,30.58,30.01,30.04,29904
14-Jun-11,30.72,30.95,30.17,30.61,53227
13-Jun-11,31.41,31.43,30.43,30.43,39428
10-Jun-11,31.78,31.78,31.00,31.16,33801
9-Jun-11,32.22,32.49,31.84,31.89,37391
8-Jun-11,32.07,32.37,31.87,32.15,43079
7-Jun-11,32.58,32.84,32.30,32.31,50376
6-Jun-11,32.21,32.55,32.21,32.31,34060
3-Jun-11,32.50,32.82,32.21,32.30,53221
2-Jun-11,32.80,32.94,32.44,32.84,16056
1-Jun-11,33.04,33.54,32.49,32.66,56737
31-May-11,33.56,33.56,33.01,33.22,70025
27-May-11,32.97,33.26,32.83,33.22,21945
26-May-11,32.26,32.91,32.11,32.86,13972
25-May-11,31.79,32.62,31.79,32.52,20385
24-May-11,32.38,32.40,31.48,32.00,32694
23-May-11,32.14,32.69,32.14,32.26,22896
20-May-11,32.48,32.94,32.01,32.93,52342
19-May-11,33.03,33.19,32.50,32.71,27346
18-May-11,31.95,32.68,31.84,32.68,36786
17-May-11,31.55,32.01,30.94,31.73,71533
16-May-11,32.77,33.12,31.68,31.73,46714
13-May-11,34.30,34.67,33.00,33.12,28100
12-May-11,33.72,34.58,33.50,34.42,26167
11-May-11,34.03,34.20,33.80,33.95,51629
10-May-11,33.59,34.34,33.59,34.20,46907
9-May-11,33.18,33.68,33.03,33.58,25151
6-May-11,34.07,34.47,33.11,33.35,24480
5-May-11,34.00,34.71,33.31,33.66,41464
4-May-11,34.00,34.39,33.75,34.27,56078
3-May-11,35.37,35.37,33.22,34.00,68694
2-May-11,36.56,36.56,35.50,35.50,55792
29-Apr-11,36.30,36.59,36.01,36.56,38609
28-Apr-11,36.80,36.80,35.84,36.38,37861
27-Apr-11,36.65,36.93,36.60,36.82,13088
26-Apr-11,35.59,36.91,35.55,36.72,73779
25-Apr-11,35.86,35.96,35.50,35.64,39900
21-Apr-11,36.58,36.68,35.57,36.03,67516
20-Apr-11,36.71,36.97,36.15,36.50,38883
19-Apr-11,36.30,36.30,35.93,36.15,36492
18-Apr-11,35.77,36.22,35.77,36.17,36389
15-Apr-11,36.32,36.74,35.76,36.60,36447
14-Apr-11,35.63,36.50,35.33,36.44,20971
13-Apr-11,36.79,36.79,35.80,35.94,32401
12-Apr-11,36.60,36.99,36.24,36.48,27526
11-Apr-11,37.13,37.48,36.58,36.82,17337
8-Apr-11,38.53,38.53,37.09,37.11,24897
7-Apr-11,39.03,39.04,38.06,38.16,33990
6-Apr-11,38.53,39.11,38.46,38.84,24683
5-Apr-11,38.56,39.10,38.17,38.37,22138
4-Apr-11,38.15,38.75,37.51,38.69,40633
1-Apr-11,38.30,38.80,37.69,37.89,24446
31-Mar-11,37.32,38.15,37.32,37.89,30595
30-Mar-11,37.60,38.35,37.14,37.53,128361
29-Mar-11,36.12,37.34,36.10,37.32,43928
28-Mar-11,35.89,36.52,35.63,36.09,81338
25-Mar-11,36.26,36.70,35.54,35.89,51549
24-Mar-11,36.18,36.41,34.94,35.98,138314
23-Mar-11,36.77,36.77,35.60,35.77,107937
22-Mar-11,36.65,37.43,36.15,36.92,55211
21-Mar-11,35.57,36.65,35.29,36.62,56413
18-Mar-11,34.30,35.57,34.26,35.09,82651
17-Mar-11,34.40,34.41,33.96,34.01,23467
16-Mar-11,34.43,34.65,33.87,33.93,60612
15-Mar-11,33.38,34.76,33.38,34.51,35584
14-Mar-11,34.00,34.65,34.00,34.47,38944
11-Mar-11,34.61,34.67,34.00,34.44,46026
10-Mar-11,35.26,35.37,34.48,34.81,61609
9-Mar-11,36.12,36.48,36.01,36.05,37673
8-Mar-11,35.36,36.63,35.02,36.31,48939
7-Mar-11,36.10,36.27,34.43,35.05,47987
4-Mar-11,36.68,36.68,35.12,35.89,71417
3-Mar-11,33.65,36.95,33.60,36.77,129786
2-Mar-11,33.69,34.01,32.96,33.11,45177
1-Mar-11,34.75,34.80,33.60,33.88,108485
28-Feb-11,34.20,34.67,33.92,34.27,75200
25-Feb-11,33.13,34.11,32.73,34.11,35671
24-Feb-11,33.00,33.15,32.50,32.97,47292
23-Feb-11,33.25,33.50,32.75,33.00,74640
22-Feb-11,33.56,34.00,33.01,33.22,34913
18-Feb-11,33.21,34.21,33.00,33.83,42384
17-Feb-11,32.03,32.91,32.03,32.54,35357
16-Feb-11,32.45,32.57,32.00,32.07,23181
15-Feb-11,33.00,33.00,32.08,32.43,59531
14-Feb-11,33.52,33.65,33.01,33.08,20518
11-Feb-11,33.15,33.80,33.15,33.59,25233
10-Feb-11,32.98,33.57,32.98,33.38,36894
9-Feb-11,33.02,33.42,33.00,33.27,25794
8-Feb-11,33.11,33.25,32.75,33.25,29848
7-Feb-11,32.36,33.62,32.15,33.47,26540
4-Feb-11,32.70,32.82,32.27,32.49,39751
3-Feb-11,32.91,32.95,32.00,32.70,30683
2-Feb-11,34.11,34.46,32.69,33.05,37854
1-Feb-11,33.72,34.50,33.28,34.33,36642
31-Jan-11,32.84,33.88,32.78,33.35,63586
28-Jan-11,31.51,33.45,31.51,33.15,85966
27-Jan-11,30.32,31.03,29.86,30.50,70551
26-Jan-11,29.45,30.21,29.45,30.14,29247
25-Jan-11,29.00,29.49,29.00,29.43,23767
24-Jan-11,29.33,29.68,28.90,29.00,21194
21-Jan-11,29.25,29.95,29.08,29.21,34639
20-Jan-11,29.02,29.69,28.81,29.05,64062
19-Jan-11,29.76,29.76,28.95,28.98,97935
18-Jan-11,30.83,30.83,29.08,29.72,64624
14-Jan-11,29.78,30.19,29.57,29.95,30823
13-Jan-11,30.27,30.36,29.59,29.78,20271
12-Jan-11,30.72,31.08,30.00,30.22,33288
11-Jan-11,30.31,30.86,30.20,30.33,22894
10-Jan-11,30.23,30.42,29.82,30.05,24626
7-Jan-11,30.88,31.02,29.50,30.37,48479
6-Jan-11,30.74,30.88,30.32,30.75,36138
5-Jan-11,30.86,31.25,30.35,30.83,67330
4-Jan-11,31.86,31.86,29.80,30.84,30953
3-Jan-11,30.44,32.08,30.25,31.88,26060
31-Dec-10,30.68,31.09,29.88,29.91,44117
30-Dec-10,31.30,31.30,30.69,30.69,12626
29-Dec-10,32.30,32.51,31.35,31.35,40210
28-Dec-10,32.10,32.54,31.90,32.28,28209
27-Dec-10,31.72,32.23,31.55,32.15,14332
23-Dec-10,32.02,32.02,31.56,31.63,13272
22-Dec-10,30.98,32.25,30.98,31.89,53793
21-Dec-10,30.50,31.00,30.34,30.84,34303
20-Dec-10,30.40,30.80,30.35,30.45,32090
17-Dec-10,30.78,30.78,29.87,30.35,108118
16-Dec-10,30.32,30.87,30.32,30.78,31931
15-Dec-10,30.59,30.84,30.20,30.27,48352
14-Dec-10,30.43,30.65,30.26,30.55,23122
13-Dec-10,30.68,30.72,30.13,30.25,39320
10-Dec-10,29.78,30.57,29.64,30.49,33189
9-Dec-10,29.99,30.23,29.45,29.89,54637
8-Dec-10,30.43,30.43,29.60,29.70,50775
7-Dec-10,30.41,30.52,30.25,30.35,31837
6-Dec-10,30.15,30.39,29.50,30.16,34583
3-Dec-10,30.40,30.55,29.99,30.38,38091
2-Dec-10,29.47,30.63,29.47,30.51,20644
1-Dec-10,30.25,30.27,29.96,30.19,31985
30-Nov-10,29.82,30.16,29.38,29.90,68998
29-Nov-10,29.31,30.24,28.68,30.13,53579
26-Nov-10,29.74,29.84,29.25,29.55,9679
24-Nov-10,29.18,29.96,28.97,29.89,29654
23-Nov-10,28.64,28.91,28.38,28.86,26473
22-Nov-10,28.55,29.28,28.52,29.02,29133
19-Nov-10,28.75,28.75,27.76,28.44,38764
18-Nov-10,28.49,29.30,28.30,28.74,24288
17-Nov-10,28.12,28.34,27.84,28.04,21832
16-Nov-10,28.50,28.50,27.72,28.10,52249
15-Nov-10,28.80,28.93,28.50,28.60,20093
12-Nov-10,28.50,28.63,28.01,28.51,50757
11-Nov-10,29.30,29.58,28.52,28.75,60285
10-Nov-10,29.34,29.87,29.08,29.81,27316
9-Nov-10,29.71,29.71,29.05,29.21,51977
8-Nov-10,29.69,29.79,29.44,29.61,44174
5-Nov-10,29.30,29.95,29.27,29.76,38149
4-Nov-10,29.23,29.23,28.69,29.16,53022
3-Nov-10,28.26,28.96,28.19,28.59,41297
2-Nov-10,28.00,28.48,27.82,28.25,42528
1-Nov-10,27.06,28.13,27.05,27.67,70113
29-Oct-10,27.07,27.76,26.85,26.93,51424
28-Oct-10,27.21,28.11,26.62,27.13,63896
27-Oct-10,26.89,27.20,26.39,27.02,55365
26-Oct-10,26.78,27.43,26.78,27.01,48479
25-Oct-10,26.72,27.37,26.56,27.02,47716
22-Oct-10,26.50,26.68,26.08,26.67,21926
21-Oct-10,26.40,26.95,25.97,26.44,49806
20-Oct-10,26.01,26.48,25.73,26.28,32009
19-Oct-10,25.99,26.49,25.45,25.75,76480
18-Oct-10,26.18,26.33,25.81,26.22,41906
15-Oct-10,26.04,26.34,25.32,26.04,70302
14-Oct-10,25.77,25.79,25.12,25.66,31346
13-Oct-10,25.30,26.05,25.04,25.74,32498
12-Oct-10,24.87,25.22,24.52,25.04,39598
11-Oct-10,25.08,25.49,24.72,24.86,51741
8-Oct-10,24.69,25.34,24.54,25.08,27671
7-Oct-10,25.44,25.44,24.32,24.75,30182
6-Oct-10,25.41,25.70,24.60,25.20,36767
5-Oct-10,24.18,25.64,23.91,25.41,96830
4-Oct-10,23.92,24.06,23.39,23.83,55087
1-Oct-10,24.46,24.50,23.61,24.13,50978
30-Sep-10,24.72,24.84,23.75,24.19,58808
29-Sep-10,24.29,24.62,23.61,24.48,49608
28-Sep-10,24.24,24.44,23.40,24.37,66554
27-Sep-10,24.01,24.41,23.37,24.08,45983
24-Sep-10,23.37,24.10,23.27,24.10,48685
23-Sep-10,23.60,23.88,22.92,22.98,69614
22-Sep-10,24.59,24.84,23.68,23.87,65213
21-Sep-10,23.62,24.91,23.50,24.71,107161
20-Sep-10,23.06,23.71,22.67,23.59,89991
17-Sep-10,23.10,23.16,22.27,22.93,106409
16-Sep-10,23.12,23.66,22.75,22.81,66185
15-Sep-10,23.13,23.60,22.95,23.19,76136
14-Sep-10,24.24,24.30,23.06,23.21,60378
13-Sep-10,23.93,24.71,23.82,24.28,54439
10-Sep-10,23.84,24.21,23.52,23.54,59344
9-Sep-10,24.12,24.12,23.20,23.77,47252
8-Sep-10,23.25,23.64,23.15,23.58,117362
7-Sep-10,25.20,25.20,22.92,23.06,100962
3-Sep-10,25.24,25.61,24.58,25.23,62691
2-Sep-10,25.47,25.47,24.66,24.85,82218
1-Sep-10,23.97,25.59,23.62,25.59,74660
31-Aug-10,23.51,23.91,22.99,23.53,69257
30-Aug-10,25.58,25.73,23.47,23.49,72980
27-Aug-10,25.74,26.04,24.48,25.91,81371
26-Aug-10,25.47,26.50,24.87,25.39,90429
25-Aug-10,23.96,24.75,23.61,24.41,55286
24-Aug-10,23.29,24.33,23.25,24.16,83466
23-Aug-10,24.76,25.04,23.58,23.59,75508
20-Aug-10,24.61,24.70,23.64,24.54,105097
19-Aug-10,25.82,25.91,24.67,24.69,58674
18-Aug-10,25.97,26.49,25.67,25.91,36557
17-Aug-10,26.09,26.77,26.00,26.04,41542
16-Aug-10,25.11,26.49,25.11,26.00,73719
13-Aug-10,26.22,26.31,25.23,25.32,70679
12-Aug-10,25.44,27.01,25.44,26.42,171193
11-Aug-10,26.80,27.22,25.94,26.07,80139
10-Aug-10,29.10,29.10,27.51,27.78,76640
9-Aug-10,29.08,29.57,28.61,29.49,99465
6-Aug-10,28.19,29.11,27.94,28.64,50324
5-Aug-10,29.14,29.94,28.98,29.12,61414
4-Aug-10,29.56,30.35,29.22,29.56,110844
3-Aug-10,29.78,30.27,29.06,29.40,53962
2-Aug-10,30.17,30.49,29.45,29.95,113693
30-Jul-10,29.30,30.31,29.03,30.02,118466
29-Jul-10,28.89,29.99,28.86,29.85,141304
28-Jul-10,28.20,29.00,28.16,28.66,79003
27-Jul-10,29.24,29.24,28.22,28.32,90663
26-Jul-10,28.81,29.07,28.24,29.01,98432
23-Jul-10,27.00,28.89,26.85,28.79,77520
22-Jul-10,26.79,27.49,26.63,27.21,96136
21-Jul-10,27.21,27.47,26.13,26.20,79979
20-Jul-10,25.30,27.00,25.18,26.93,98074
19-Jul-10,25.89,26.05,25.35,25.86,79311
16-Jul-10,27.71,27.72,25.76,25.99,112498
15-Jul-10,28.87,28.98,27.52,28.11,75567
14-Jul-10,28.76,29.31,28.40,28.81,75864
13-Jul-10,27.77,29.37,27.34,29.02,98745
12-Jul-10,27.71,28.00,26.82,27.21,73856
9-Jul-10,27.47,28.09,27.19,27.82,83447
8-Jul-10,26.82,27.57,26.80,27.53,76352
7-Jul-10,25.55,26.56,25.09,26.49,87127
6-Jul-10,26.70,27.15,25.05,25.33,175373
2-Jul-10,27.06,27.32,25.76,25.96,71097
1-Jul-10,25.33,26.89,24.99,26.71,133249
30-Jun-10,25.99,26.27,25.19,25.35,86008
29-Jun-10,26.11,26.21,25.10,25.91,137761
28-Jun-10,26.71,27.64,26.41,26.71,160487
25-Jun-10,27.21,27.89,26.13,26.66,218391
24-Jun-10,27.50,28.02,26.99,27.09,108189
23-Jun-10,28.24,28.37,27.68,27.75,72630
22-Jun-10,29.08,29.52,28.25,28.37,139353
21-Jun-10,29.38,29.98,28.57,28.78,105333
18-Jun-10,29.00,29.28,28.31,28.85,196251
17-Jun-10,28.91,29.33,28.34,28.78,55730
16-Jun-10,29.14,29.66,28.74,28.79,130928
15-Jun-10,29.30,29.73,28.91,29.47,135738
14-Jun-10,27.99,29.52,27.63,29.18,171303
11-Jun-10,25.87,27.54,25.84,27.50,81992
10-Jun-10,24.84,26.51,24.11,26.28,129812
9-Jun-10,23.98,24.99,23.74,24.19,115982
8-Jun-10,24.79,25.46,23.58,23.71,141810
7-Jun-10,25.89,26.15,24.51,24.62,65340
4-Jun-10,26.40,26.75,25.67,25.79,150451
3-Jun-10,26.71,27.46,26.42,27.19,60468
2-Jun-10,25.57,26.75,25.24,26.53,80830
1-Jun-10,25.74,26.35,25.00,25.07,87378
28-May-10,26.52,26.83,26.01,26.01,93140
27-May-10,25.53,26.69,25.50,26.60,81038
26-May-10,25.32,26.14,24.73,24.80,55000
25-May-10,23.78,25.27,23.69,25.11,77621
24-May-10,25.68,25.94,24.69,24.72,57881
21-May-10,24.64,25.86,24.50,25.79,93593
20-May-10,25.45,26.30,24.88,25.09,86821
19-May-10,26.81,27.30,25.51,26.36,67241
18-May-10,28.06,28.91,26.61,26.87,74306
17-May-10,27.79,28.28,26.80,28.08,105059
14-May-10,27.62,27.80,26.57,27.59,79367
13-May-10,26.84,28.03,26.67,27.84,106495
12-May-10,25.89,27.33,25.60,27.05,84218
11-May-10,24.37,26.21,23.72,25.52,88304
10-May-10,23.65,24.82,23.65,24.73,71279
7-May-10,24.11,24.34,22.05,22.32,111880
6-May-10,24.95,25.58,21.21,24.11,67281
5-May-10,25.36,25.51,24.68,25.21,80455
4-May-10,25.36,25.89,24.30,25.17,119862
3-May-10,24.23,25.94,23.76,25.94,119040
30-Apr-10,28.22,28.34,23.46,23.87,141973
29-Apr-10,29.54,30.32,26.74,28.28,112212
28-Apr-10,30.59,30.59,29.90,30.09,61636
27-Apr-10,30.46,30.93,30.26,30.41,71695
26-Apr-10,30.37,30.85,30.00,30.49,48830
23-Apr-10,30.07,30.53,30.01,30.33,49669
22-Apr-10,29.67,30.25,29.16,30.19,76555
21-Apr-10,29.10,29.74,28.61,29.74,57532
20-Apr-10,28.76,29.15,28.17,29.14,39905
19-Apr-10,27.63,28.78,27.63,28.76,54453
16-Apr-10,28.93,29.46,27.55,27.71,98588
15-Apr-10,28.12,28.98,28.01,28.91,49545
14-Apr-10,26.65,28.15,26.65,28.00,57167
13-Apr-10,26.49,26.71,25.95,26.53,33434
12-Apr-10,26.22,26.67,26.06,26.49,44097
9-Apr-10,27.14,27.14,25.90,26.13,41537
8-Apr-10,27.44,27.44,26.70,27.01,32280
7-Apr-10,27.41,27.74,27.03,27.66,35536
6-Apr-10,26.59,27.94,26.50,27.52,26350
5-Apr-10,26.10,26.97,25.66,26.96,45639
1-Apr-10,25.90,26.73,25.51,26.05,35169
31-Mar-10,26.53,26.81,25.71,25.77,80952
30-Mar-10,26.45,27.22,26.20,26.73,24179
29-Mar-10,26.36,26.98,26.15,26.33,35829
26-Mar-10,27.35,27.40,25.96,26.28,63952
25-Mar-10,28.00,28.39,27.28,27.36,57229
24-Mar-10,28.38,28.58,27.80,27.91,56402
23-Mar-10,27.97,28.55,27.20,28.45,48905
22-Mar-10,27.06,27.94,26.99,27.87,25607
19-Mar-10,27.19,27.51,26.94,27.25,72258
18-Mar-10,26.66,27.73,26.61,27.24,43454
17-Mar-10,26.52,27.08,26.52,26.81,31513
16-Mar-10,26.51,26.65,25.89,26.59,22394
15-Mar-10,26.66,26.70,26.11,26.51,44984
12-Mar-10,27.27,27.27,26.34,26.58,33618
11-Mar-10,26.74,27.14,26.32,27.07,43077
10-Mar-10,27.51,27.78,26.64,26.82,68652
9-Mar-10,26.79,27.89,26.79,27.70,77203
8-Mar-10,26.40,26.99,26.11,26.92,58174
5-Mar-10,25.73,26.41,25.42,26.35,74893
4-Mar-10,25.69,25.75,25.13,25.65,25714
3-Mar-10,25.33,25.76,24.96,25.55,49409
2-Mar-10,25.28,25.49,24.16,25.21,55548
1-Mar-10,25.15,25.60,24.72,25.31,63621
26-Feb-10,25.14,25.16,24.48,24.90,38664
25-Feb-10,25.06,25.18,24.43,25.06,43964
24-Feb-10,25.03,25.50,24.65,25.35,68709
23-Feb-10,24.51,25.40,24.26,25.01,48511
22-Feb-10,24.38,24.68,23.78,24.48,71464
19-Feb-10,23.78,24.38,23.38,24.38,40375
18-Feb-10,23.81,24.21,23.30,23.79,44777
17-Feb-10,23.98,24.10,23.41,23.76,46318
16-Feb-10,23.54,23.92,23.19,23.82,34393
12-Feb-10,23.31,23.68,22.82,23.61,34251
11-Feb-10,22.65,23.54,22.25,23.52,30144
10-Feb-10,22.64,23.08,22.23,22.67,30266
9-Feb-10,22.32,23.21,20.72,22.82,101005
8-Feb-10,23.54,23.98,21.96,21.99,74382
5-Feb-10,22.60,23.46,22.12,23.44,55000
4-Feb-10,23.62,24.22,22.98,23.30,67580
3-Feb-10,23.54,24.53,23.08,23.77,35208
2-Feb-10,25.00,25.03,23.41,23.59,72066
1-Feb-10,23.44,24.98,23.42,24.91,108964
29-Jan-10,21.73,23.14,21.73,22.81,65156
28-Jan-10,22.65,23.31,21.27,21.61,70068
27-Jan-10,21.57,22.44,21.55,22.36,41748
26-Jan-10,21.68,22.19,21.61,21.75,59292
25-Jan-10,21.26,22.12,21.15,21.83,34165
22-Jan-10,21.67,21.81,21.01,21.11,47016
21-Jan-10,22.16,22.48,21.01,21.63,90547
20-Jan-10,22.73,23.26,21.79,22.19,76791
19-Jan-10,21.30,22.91,21.02,22.75,69893
15-Jan-10,21.67,21.68,20.90,21.19,82176
14-Jan-10,21.44,21.88,21.19,21.61,62328
13-Jan-10,21.07,21.62,20.84,21.53,65048
12-Jan-10,20.54,21.04,20.54,20.98,66887
11-Jan-10,20.42,20.99,20.05,20.81,16661
8-Jan-10,20.08,20.38,19.98,20.34,33749
7-Jan-10,19.67,20.18,19.67,20.15,26480
6-Jan-10,20.46,20.46,19.49,19.75,164336
5-Jan-10,20.84,20.84,20.10,20.43,88692
4-Jan-10,20.44,21.00,20.19,20.94,31705
31-Dec-09,20.62,20.70,20.08,20.09,22495
30-Dec-09,20.86,20.86,20.31,20.69,19035
29-Dec-09,21.29,21.29,20.67,20.91,15064
28-Dec-09,20.79,21.32,20.40,21.24,17354
24-Dec-09,21.06,21.46,20.44,20.64,11953
23-Dec-09,20.88,21.48,20.43,21.03,22569
22-Dec-09,20.72,20.92,20.42,20.82,29811
21-Dec-09,20.98,21.20,20.38,20.72,33151
18-Dec-09,21.59,21.59,20.57,20.91,132736
17-Dec-09,21.30,21.57,20.78,21.35,25630
16-Dec-09,21.53,21.96,21.20,21.49,39754
15-Dec-09,20.99,21.88,20.55,21.42,73209
14-Dec-09,20.46,20.99,20.39,20.99,34898
11-Dec-09,20.17,20.44,19.68,20.37,40606
10-Dec-09,20.22,20.44,19.57,20.13,34194
9-Dec-09,19.94,20.25,19.20,20.13,30639
8-Dec-09,19.75,20.12,19.00,19.92,31528
7-Dec-09,19.75,20.05,19.36,19.89,51526
4-Dec-09,19.29,19.97,19.14,19.82,52405
3-Dec-09,18.97,19.31,18.75,18.92,56665
2-Dec-09,18.23,19.06,18.23,18.95,47317
1-Dec-09,18.58,18.75,18.12,18.31,25233
30-Nov-09,17.83,18.26,17.36,18.25,65056
27-Nov-09,18.27,18.38,17.77,17.77,19872
25-Nov-09,18.59,18.67,18.22,18.60,18499
24-Nov-09,18.50,18.61,17.90,18.57,22639
23-Nov-09,18.15,18.59,18.06,18.55,35534
20-Nov-09,17.83,18.18,17.80,18.12,27718
19-Nov-09,18.17,18.27,17.70,17.89,51587
18-Nov-09,18.43,18.61,18.16,18.25,17699
17-Nov-09,18.18,18.63,18.08,18.52,47815
16-Nov-09,18.22,18.39,17.82,18.20,38738
13-Nov-09,18.13,18.44,17.86,18.03,28328
12-Nov-09,18.58,18.80,17.91,17.97,36055
11-Nov-09,18.85,19.00,18.12,18.56,52937
10-Nov-09,19.94,20.06,18.49,18.72,56774
9-Nov-09,19.60,20.27,19.59,19.98,36906
6-Nov-09,19.04,19.55,18.86,19.49,47045
5-Nov-09,19.11,19.32,18.70,19.25,39304
4-Nov-09,19.28,19.35,18.90,18.98,31862
3-Nov-09,18.89,19.17,18.55,18.92,33438
2-Nov-09,17.77,18.90,17.35,18.79,156140
30-Oct-09,18.69,18.94,17.44,17.58,84485
29-Oct-09,18.82,19.34,18.45,18.83,42090
28-Oct-09,19.55,19.56,18.65,18.70,38601
27-Oct-09,20.06,20.29,19.33,19.52,33550
26-Oct-09,20.51,20.64,19.81,19.94,39198
23-Oct-09,20.25,20.61,19.90,20.43,44735
22-Oct-09,19.66,21.02,18.66,20.13,215877
21-Oct-09,17.94,18.09,16.94,16.95,73672
20-Oct-09,18.61,18.62,17.88,17.93,39184
19-Oct-09,18.76,18.81,18.37,18.49,28578
16-Oct-09,19.91,19.91,18.58,18.64,48917
15-Oct-09,20.03,20.34,19.52,19.97,45268
14-Oct-09,20.00,20.31,19.70,20.10,38217
13-Oct-09,19.75,19.89,19.18,19.83,37055
12-Oct-09,20.17,20.17,19.40,19.83,32895
9-Oct-09,19.65,20.35,19.65,20.15,59510
8-Oct-09,19.88,20.08,19.57,19.58,34618
7-Oct-09,19.84,19.97,19.48,19.69,29438
6-Oct-09,19.87,20.46,19.54,19.94,37181
5-Oct-09,19.22,19.70,19.00,19.57,32152
2-Oct-09,19.61,19.61,19.00,19.08,23371
1-Oct-09,19.79,20.22,19.59,19.75,74290
30-Sep-09,19.93,20.05,19.58,19.83,69190
29-Sep-09,19.92,20.34,19.69,19.98,66646
28-Sep-09,19.50,20.20,19.40,19.96,38476
25-Sep-09,19.23,19.90,18.88,19.35,58398
24-Sep-09,19.86,20.05,19.06,19.44,55208
23-Sep-09,19.94,20.30,19.76,19.88,59878
22-Sep-09,19.92,20.12,19.39,19.96,49363
21-Sep-09,19.87,20.21,19.63,19.89,54741
18-Sep-09,20.39,20.39,19.39,20.10,86351
17-Sep-09,19.76,20.93,19.68,20.33,125980
16-Sep-09,19.66,19.80,19.30,19.73,43339
15-Sep-09,19.46,19.81,19.25,19.66,46799
14-Sep-09,18.96,19.68,18.72,19.63,51595
11-Sep-09,19.16,19.37,18.86,19.14,30695
10-Sep-09,18.30,19.04,17.78,18.86,46597
9-Sep-09,18.20,18.68,17.91,18.37,41961
8-Sep-09,18.32,18.43,17.71,18.23,31622
4-Sep-09,17.42,18.09,17.15,18.07,52722
3-Sep-09,17.44,17.67,16.99,17.54,23138
2-Sep-09,16.65,17.67,16.56,17.45,65577
1-Sep-09,16.96,17.79,16.60,16.73,37153
31-Aug-09,17.24,17.53,16.78,17.11,102233
28-Aug-09,17.90,18.34,17.02,17.33,60869
27-Aug-09,18.23,18.65,17.26,17.78,86358
26-Aug-09,18.71,18.89,18.20,18.38,42961
25-Aug-09,18.89,19.12,18.32,18.77,60716
24-Aug-09,19.27,19.72,18.82,18.98,45664
21-Aug-09,19.36,19.70,18.74,19.29,164396
20-Aug-09,15.88,19.42,15.88,19.36,222402
19-Aug-09,14.55,15.03,14.07,14.78,40250
18-Aug-09,14.23,15.11,14.08,14.76,31775
17-Aug-09,14.34,14.39,13.80,14.20,30609
14-Aug-09,15.55,15.55,14.10,14.44,49349
13-Aug-09,14.66,16.38,14.38,15.56,92857
12-Aug-09,14.27,14.90,14.13,14.63,61899
11-Aug-09,14.84,14.84,13.64,14.22,85294
10-Aug-09,14.90,15.14,14.72,14.91,72429
7-Aug-09,14.00,15.27,14.00,15.03,57842
6-Aug-09,14.01,14.33,13.29,13.76,39034
5-Aug-09,13.64,13.98,13.01,13.76,70714
4-Aug-09,12.89,13.84,12.89,13.67,52989
3-Aug-09,12.51,13.03,11.97,13.01,74053
31-Jul-09,12.31,12.60,12.28,12.53,74881
30-Jul-09,12.29,12.63,11.97,12.39,51285
29-Jul-09,12.19,12.50,11.85,12.11,144180
28-Jul-09,11.66,12.36,11.66,12.30,66499
27-Jul-09,12.40,12.54,11.62,11.85,89178
24-Jul-09,12.51,12.65,12.29,12.54,58167
23-Jul-09,11.45,12.70,11.38,12.64,105172
22-Jul-09,11.17,11.75,11.17,11.51,51941
21-Jul-09,11.05,11.93,11.03,11.24,103199
20-Jul-09,11.42,11.51,10.62,11.03,140963
17-Jul-09,12.00,12.00,11.20,11.42,65395
16-Jul-09,11.43,12.02,11.18,11.94,66405
15-Jul-09,10.68,11.54,10.43,11.45,58984
14-Jul-09,10.75,10.85,10.23,10.58,39177
13-Jul-09,10.03,10.87,9.93,10.85,82267
10-Jul-09,9.93,10.04,9.56,10.02,37261
9-Jul-09,10.49,10.54,9.86,9.99,80661
8-Jul-09,10.34,10.50,10.11,10.43,51143
7-Jul-09,10.75,10.96,10.27,10.27,32919
6-Jul-09,10.84,11.06,10.52,10.71,87088
2-Jul-09,11.86,11.86,10.80,10.80,79269
1-Jul-09,11.57,12.22,11.57,12.07,94644
30-Jun-09,11.51,12.24,11.39,11.60,89542
29-Jun-09,11.56,11.60,10.87,11.51,133293
26-Jun-09,10.34,11.75,10.01,11.61,206990
25-Jun-09,10.00,10.42,9.95,10.42,68369
24-Jun-09,10.17,10.67,10.02,10.09,52788
23-Jun-09,10.12,10.38,10.03,10.07,71530
22-Jun-09,10.02,10.63,9.99,10.04,84956
19-Jun-09,10.21,10.31,9.95,10.14,86495
18-Jun-09,9.79,10.23,9.67,10.05,59046
17-Jun-09,9.41,9.96,9.27,9.83,88081
16-Jun-09,10.21,10.21,9.34,9.35,32975
15-Jun-09,10.06,10.23,9.58,10.10,56786
12-Jun-09,9.76,10.31,9.47,10.31,48066
11-Jun-09,10.03,10.41,9.77,9.80,69458
10-Jun-09,10.57,10.67,9.92,9.98,60836
9-Jun-09,10.98,11.11,10.44,10.48,22564
8-Jun-09,10.77,11.11,10.35,10.98,49235
5-Jun-09,10.83,11.08,10.68,10.97,34181
4-Jun-09,10.47,10.89,10.40,10.65,69909
3-Jun-09,10.54,10.54,10.26,10.38,40310
2-Jun-09,10.55,10.65,10.27,10.59,68956
1-Jun-09,10.32,10.61,10.32,10.54,58073
29-May-09,10.04,10.26,9.46,10.18,53835
28-May-09,9.99,10.19,9.39,10.03,39407
27-May-09,9.85,10.18,9.59,9.89,55219
26-May-09,9.28,9.88,9.18,9.88,92486
22-May-09,10.07,10.27,9.11,9.42,83570
21-May-09,10.00,10.31,9.79,10.04,89466
20-May-09,10.88,11.00,10.02,10.11,95145
19-May-09,10.99,10.99,10.39,10.85,36952
18-May-09,10.30,11.00,10.17,10.99,57581
15-May-09,10.52,10.71,10.11,10.16,80746
14-May-09,10.57,10.95,10.49,10.52,42914
13-May-09,11.00,11.00,10.07,10.49,55033
12-May-09,11.17,11.43,10.81,10.93,54393
11-May-09,11.80,11.80,10.52,10.99,53539
8-May-09,11.77,12.13,11.16,11.97,61430
7-May-09,12.18,12.89,11.81,11.81,67158
6-May-09,13.04,13.06,12.17,12.33,52707
5-May-09,13.00,13.32,12.37,12.93,63806
4-May-09,13.00,13.57,12.73,13.16,86306
1-May-09,13.88,13.99,12.74,12.95,55220
30-Apr-09,13.80,15.04,13.80,13.87,77322
29-Apr-09,12.56,14.04,12.28,13.77,72807
28-Apr-09,11.60,12.83,11.60,12.57,55175
27-Apr-09,11.32,12.10,11.29,11.57,145033
24-Apr-09,11.28,11.72,11.20,11.58,126104
23-Apr-09,11.71,11.74,10.97,11.15,99337
22-Apr-09,11.14,11.92,10.77,11.64,77688
21-Apr-09,10.15,11.35,10.02,11.20,50585
20-Apr-09,10.66,10.66,10.00,10.08,65637
17-Apr-09,10.80,10.84,10.50,10.81,51642
16-Apr-09,10.65,10.77,10.00,10.76,69751
15-Apr-09,10.05,10.75,10.05,10.53,49347
14-Apr-09,10.55,10.57,9.76,10.06,73365
13-Apr-09,9.19,10.66,9.05,10.61,46727
9-Apr-09,8.78,9.23,8.76,9.19,70119
8-Apr-09,8.39,8.57,8.30,8.57,32720
7-Apr-09,9.11,9.16,8.35,8.36,55014
6-Apr-09,9.55,9.69,9.01,9.25,87923
3-Apr-09,9.65,9.65,8.92,9.55,77659
2-Apr-09,8.98,9.87,8.82,9.70,61263
1-Apr-09,9.08,9.25,8.62,8.81,47560
31-Mar-09,8.78,9.44,8.63,9.20,65313
30-Mar-09,8.74,8.78,8.42,8.73,51603
27-Mar-09,9.15,9.34,8.95,8.97,74761
26-Mar-09,9.50,9.51,9.11,9.27,69295
25-Mar-09,9.34,9.86,8.98,9.41,47094
24-Mar-09,9.13,9.44,9.00,9.23,90884
23-Mar-09,9.08,9.51,8.84,9.31,103685
20-Mar-09,9.73,9.73,8.72,8.76,116819
19-Mar-09,10.68,10.73,9.50,9.64,142358
18-Mar-09,9.59,10.59,9.36,10.59,117024
17-Mar-09,8.81,9.68,8.73,9.59,106205
16-Mar-09,8.73,9.18,8.70,8.73,62890
13-Mar-09,8.62,8.89,8.61,8.67,69678
12-Mar-09,8.15,8.68,8.06,8.60,58126
11-Mar-09,8.22,8.35,8.10,8.16,38922
10-Mar-09,8.16,8.54,7.85,8.15,87319
9-Mar-09,8.42,8.70,7.93,7.97,72838
6-Mar-09,8.70,8.83,8.11,8.55,60132
5-Mar-09,8.95,9.10,8.50,8.64,84107
4-Mar-09,9.05,9.24,8.86,9.11,80480
3-Mar-09,10.24,10.24,8.84,8.93,136332
2-Mar-09,10.71,10.79,9.70,10.00,159652
27-Feb-09,10.93,11.16,10.66,10.83,93500
26-Feb-09,11.55,11.68,11.03,11.11,49987
25-Feb-09,11.96,11.96,11.11,11.38,75388
24-Feb-09,11.87,12.22,11.75,12.09,102338
23-Feb-09,13.28,13.28,11.56,11.68,141691
20-Feb-09,13.47,13.74,13.06,13.22,44099
19-Feb-09,14.61,14.88,13.78,13.84,32339
18-Feb-09,14.61,15.26,14.21,14.50,58193
17-Feb-09,15.22,15.22,14.50,14.51,60033
13-Feb-09,16.30,16.57,15.64,15.70,31179
12-Feb-09,15.89,16.35,15.49,16.24,33188
11-Feb-09,16.55,16.92,15.96,16.03,57612
10-Feb-09,16.33,16.87,16.05,16.46,97617
9-Feb-09,16.62,16.78,16.02,16.37,42134
6-Feb-09,15.29,17.30,15.06,16.76,81397
5-Feb-09,14.68,15.85,14.61,15.31,62543
4-Feb-09,14.69,15.57,14.52,14.84,94789
3-Feb-09,15.21,15.35,14.67,14.73,89970
2-Feb-09,15.25,15.36,14.81,15.15,84545
30-Jan-09,15.36,16.05,15.12,15.35,91900
29-Jan-09,16.19,16.44,15.16,15.16,46691
28-Jan-09,16.17,16.53,16.15,16.35,46887
27-Jan-09,15.48,16.20,15.33,15.91,33487
26-Jan-09,15.55,16.00,15.10,15.47,67650
23-Jan-09,15.23,16.07,15.23,15.53,42942
22-Jan-09,16.21,16.33,15.56,15.65,35832
21-Jan-09,15.58,16.66,15.51,16.55,77133
20-Jan-09,16.84,16.98,15.45,15.45,50593
16-Jan-09,17.16,17.40,16.02,17.01,43588
15-Jan-09,16.60,16.96,15.55,16.96,69168
14-Jan-09,17.87,17.88,16.57,16.61,64132
13-Jan-09,17.73,18.32,17.73,18.15,50407
12-Jan-09,18.00,18.44,17.50,17.78,65148
9-Jan-09,18.98,19.24,17.90,17.93,31110
8-Jan-09,19.17,19.75,18.91,19.04,32956
7-Jan-09,19.49,19.90,18.95,19.06,66798
6-Jan-09,19.34,19.96,19.23,19.68,73664
5-Jan-09,19.70,19.99,18.74,19.13,97945
2-Jan-09,19.76,20.82,19.39,19.66,80111
31-Dec-08,19.32,20.52,19.32,19.84,105970
30-Dec-08,18.73,19.35,18.59,19.21,96244
29-Dec-08,18.00,18.61,17.92,18.55,127453
26-Dec-08,18.28,18.54,17.90,18.00,56074
24-Dec-08,18.41,18.41,17.91,17.91,50091
23-Dec-08,18.51,18.98,17.95,18.14,63174
22-Dec-08,17.81,18.32,17.52,18.31,74970
19-Dec-08,19.45,20.16,17.88,17.92,176294
18-Dec-08,19.66,19.90,18.68,19.17,49827
17-Dec-08,18.52,19.79,18.28,19.66,68493
16-Dec-08,18.48,19.08,18.20,18.80,111603
15-Dec-08,18.97,19.32,17.90,18.11,52319
12-Dec-08,17.77,18.93,17.59,18.90,82010
11-Dec-08,19.43,19.98,18.00,18.20,101419
10-Dec-08,19.67,20.27,19.32,19.66,79631
9-Dec-08,19.84,20.01,18.92,19.46,109260
8-Dec-08,20.59,20.59,19.62,20.05,136007
5-Dec-08,19.20,20.44,18.34,20.13,158467
4-Dec-08,19.71,20.14,19.08,19.63,108983
3-Dec-08,19.59,20.23,19.59,19.97,156958
2-Dec-08,20.76,20.76,19.54,20.12,190211
1-Dec-08,20.97,21.36,20.28,20.32,183875
28-Nov-08,20.99,21.25,20.85,21.08,87625
26-Nov-08,19.68,21.52,19.68,21.25,131641
25-Nov-08,22.00,22.16,19.83,20.20,319302
24-Nov-08,21.43,23.01,20.51,21.90,169290
21-Nov-08,21.64,21.75,19.75,21.25,184436
20-Nov-08,23.18,23.48,21.33,21.43,128766
19-Nov-08,23.83,24.08,23.07,23.40,149183
18-Nov-08,24.24,24.74,22.75,23.85,129271
17-Nov-08,24.70,25.75,24.35,24.50,85315
14-Nov-08,25.23,26.24,24.80,25.02,133696
13-Nov-08,26.11,26.25,24.02,25.74,215467
12-Nov-08,26.56,26.74,25.48,25.92,158229
11-Nov-08,26.89,27.93,26.81,27.02,175518
10-Nov-08,27.19,27.65,26.06,27.02,132207
7-Nov-08,26.25,27.00,25.87,26.49,88069
6-Nov-08,25.50,27.36,25.42,25.92,181808
5-Nov-08,26.48,27.61,25.64,25.75,123523
4-Nov-08,26.38,27.49,26.38,26.89,127718
3-Nov-08,25.67,27.25,25.67,26.00,171244
31-Oct-08,23.59,26.13,23.19,25.81,152089
30-Oct-08,22.92,24.29,22.53,23.62,139115
29-Oct-08,23.45,23.45,21.93,22.25,178015
28-Oct-08,20.62,22.24,20.27,22.00,132833
27-Oct-08,21.20,21.40,20.50,20.57,95532
24-Oct-08,21.00,22.47,20.71,21.56,116103
23-Oct-08,21.69,22.75,21.15,22.45,125854
22-Oct-08,22.40,23.19,21.78,21.78,97543
21-Oct-08,23.39,23.74,22.39,23.02,104031
20-Oct-08,22.41,23.67,22.16,23.67,81520
17-Oct-08,22.77,23.95,22.01,22.27,192305
16-Oct-08,20.46,23.69,19.81,23.53,132096
15-Oct-08,20.38,21.55,19.98,20.27,98742
14-Oct-08,21.00,21.00,19.47,20.42,105616
13-Oct-08,19.44,20.36,18.84,20.36,156478
10-Oct-08,17.83,19.20,17.00,19.20,216079
9-Oct-08,21.05,21.20,18.90,18.90,120718
8-Oct-08,22.33,23.06,20.94,20.95,152392
7-Oct-08,23.85,24.23,22.99,23.31,107539
6-Oct-08,25.50,25.50,23.24,23.80,187848
3-Oct-08,28.77,28.77,26.14,26.22,94823
2-Oct-08,29.15,29.15,27.53,28.38,83200
1-Oct-08,27.47,29.48,27.07,29.34,129104
30-Sep-08,29.02,29.26,27.75,27.75,118567
29-Sep-08,28.08,29.29,27.85,28.57,70139
26-Sep-08,27.62,28.75,26.86,28.73,82398
25-Sep-08,26.86,28.59,26.82,28.32,91956
24-Sep-08,27.21,27.21,26.43,26.76,111999
23-Sep-08,29.75,29.75,26.56,27.19,156400
22-Sep-08,29.00,30.00,28.40,29.65,95731
19-Sep-08,28.74,29.71,28.33,29.01,240910
18-Sep-08,26.70,28.00,25.57,27.98,108928
17-Sep-08,28.11,28.35,26.06,26.24,72385
16-Sep-08,26.60,28.39,26.20,28.39,74163
15-Sep-08,27.60,28.50,26.99,27.01,71492
12-Sep-08,27.99,28.44,27.58,28.44,81969
11-Sep-08,27.35,28.04,27.14,28.00,31872
10-Sep-08,27.62,27.99,27.45,27.57,70278
9-Sep-08,27.91,28.00,26.88,27.38,46425
8-Sep-08,27.50,27.77,27.00,27.73,104361
5-Sep-08,26.12,26.83,25.73,26.72,43495
4-Sep-08,27.13,27.23,25.90,26.14,49166
3-Sep-08,26.82,27.50,26.79,27.35,64880
2-Sep-08,25.01,28.02,25.01,26.76,142593
29-Aug-08,25.40,25.50,24.98,25.00,49694
28-Aug-08,24.31,25.53,24.12,25.53,55648
27-Aug-08,23.35,24.67,23.35,24.31,44182
26-Aug-08,23.24,23.80,23.01,23.43,14608
25-Aug-08,24.24,24.24,22.86,23.18,20480
22-Aug-08,23.74,24.37,23.64,24.35,14900
21-Aug-08,23.20,24.00,23.04,23.59,36648
20-Aug-08,23.43,24.03,23.20,23.39,14706
19-Aug-08,23.63,24.00,23.23,23.38,35080
18-Aug-08,24.34,24.73,23.66,23.82,31538
15-Aug-08,24.50,24.50,23.55,24.24,51927
14-Aug-08,24.26,24.55,23.99,24.50,38114
13-Aug-08,23.89,24.91,23.39,24.42,44458
12-Aug-08,23.50,23.96,23.50,23.89,22444
11-Aug-08,22.80,23.88,22.40,23.70,58176
8-Aug-08,21.41,22.99,21.41,22.94,60715
7-Aug-08,22.19,22.19,21.24,21.34,49271
6-Aug-08,21.75,22.35,21.55,22.20,43418
5-Aug-08,21.73,21.85,21.52,21.78,54068
4-Aug-08,21.30,21.72,20.92,21.43,19930
1-Aug-08,21.78,21.78,20.98,21.30,32416
31-Jul-08,21.51,21.99,21.51,21.89,36269
30-Jul-08,21.62,22.00,21.59,21.88,40009
29-Jul-08,20.91,21.99,20.91,21.62,63091
28-Jul-08,21.64,21.65,20.95,21.00,24171
25-Jul-08,21.70,21.90,21.21,21.73,47281
24-Jul-08,21.46,21.50,21.20,21.48,44411
23-Jul-08,21.54,21.84,21.26,21.50,60514
22-Jul-08,21.63,22.92,21.24,21.53,126943
21-Jul-08,21.70,22.21,21.22,21.78,37289
18-Jul-08,21.63,21.86,21.17,21.66,28900
17-Jul-08,21.58,21.81,21.17,21.64,37266
16-Jul-08,20.21,21.62,20.10,21.58,52584
15-Jul-08,19.16,21.33,18.85,20.15,44276
14-Jul-08,20.44,20.44,19.21,19.28,54173
11-Jul-08,19.60,20.32,19.05,20.27,53016
10-Jul-08,19.00,19.85,18.92,19.78,37240
9-Jul-08,20.60,20.61,18.84,18.99,67259
8-Jul-08,19.60,20.65,19.30,20.61,78116
7-Jul-08,20.14,20.15,19.38,19.60,74688
3-Jul-08,20.86,20.86,20.12,20.14,22050
2-Jul-08,21.22,21.64,20.77,20.77,62399
1-Jul-08,20.50,21.54,20.41,21.22,61115
30-Jun-08,20.94,21.62,20.56,20.74,61923
27-Jun-08,20.97,21.09,20.70,20.94,101474
26-Jun-08,20.83,21.26,20.54,20.98,49961
25-Jun-08,20.91,21.42,20.85,21.04,27161
24-Jun-08,20.80,21.38,20.56,20.84,81507
23-Jun-08,21.42,21.51,20.96,21.04,23581
20-Jun-08,21.38,21.73,20.75,21.25,94190
19-Jun-08,21.09,21.64,20.93,21.59,32143
18-Jun-08,21.04,21.10,20.66,21.08,40024
17-Jun-08,21.35,21.45,20.96,21.07,37495
16-Jun-08,21.27,21.50,21.10,21.26,25607
13-Jun-08,21.14,21.31,20.94,21.31,20726
12-Jun-08,21.10,21.35,20.87,20.93,32296
11-Jun-08,21.05,21.21,20.87,20.87,46942
10-Jun-08,20.37,21.38,20.17,21.14,45898
9-Jun-08,20.61,21.11,20.45,20.68,78608
6-Jun-08,21.48,21.50,20.41,20.41,121491
5-Jun-08,20.90,21.64,20.90,21.60,51053
4-Jun-08,20.55,21.20,20.55,20.92,56701
3-Jun-08,20.72,21.00,20.42,20.59,41707
2-Jun-08,20.62,20.86,20.31,20.61,128831
30-May-08,20.54,20.83,20.42,20.65,36781
29-May-08,20.05,20.82,20.01,20.45,40682
28-May-08,19.50,20.18,19.24,20.14,45343
27-May-08,18.14,19.48,17.40,19.38,133230
23-May-08,18.65,20.55,17.96,18.20,336417
22-May-08,18.16,18.84,18.07,18.80,47700
21-May-08,18.64,19.02,18.01,18.27,49495
20-May-08,18.78,19.03,18.50,18.63,42895
19-May-08,18.83,19.50,18.71,18.93,63882
16-May-08,19.38,19.44,18.73,18.87,53492
15-May-08,19.37,19.55,19.07,19.38,27450
14-May-08,19.95,20.45,19.35,19.53,43919
13-May-08,19.69,19.90,19.10,19.89,30100
12-May-08,19.15,19.80,18.96,19.80,49800
9-May-08,18.97,19.31,18.51,19.27,28600
8-May-08,19.39,19.39,18.68,18.83,47651
7-May-08,20.07,21.17,19.26,19.28,72169
6-May-08,21.78,21.78,19.51,20.39,63218
5-May-08,20.71,20.95,19.95,20.13,37232
2-May-08,22.27,22.42,20.59,20.87,33115
1-May-08,21.14,22.46,21.14,22.03,43275
30-Apr-08,20.92,21.68,20.82,21.08,33640
29-Apr-08,21.22,21.70,20.81,20.90,26885
28-Apr-08,21.26,22.30,21.06,21.39,41431
25-Apr-08,22.15,22.23,21.07,21.15,45917
24-Apr-08,21.15,22.13,20.79,22.11,38022
23-Apr-08,21.91,21.91,21.01,21.12,46300
22-Apr-08,22.60,22.81,21.39,21.82,80608
21-Apr-08,23.00,23.47,22.65,22.68,56412
18-Apr-08,22.87,23.97,22.87,23.31,62215
17-Apr-08,23.29,23.54,22.38,22.48,53500
16-Apr-08,22.00,23.61,21.98,23.61,82900
15-Apr-08,21.65,22.11,21.37,21.83,22700
14-Apr-08,20.73,22.56,20.72,21.68,59965
11-Apr-08,22.09,22.66,20.70,20.70,53100
10-Apr-08,21.65,22.98,21.65,22.53,29900
9-Apr-08,22.75,22.75,21.58,21.70,53300
8-Apr-08,21.88,23.07,21.88,22.78,49700
7-Apr-08,22.70,23.05,22.00,22.00,43400
4-Apr-08,22.87,23.03,22.23,22.41,21600
3-Apr-08,23.47,23.63,22.54,22.68,28400
2-Apr-08,22.92,23.93,22.59,23.64,64600
1-Apr-08,22.73,23.09,22.41,22.96,50670
31-Mar-08,21.50,22.81,21.35,22.34,53600
28-Mar-08,22.10,22.87,21.53,21.61,37400
27-Mar-08,22.60,22.60,21.77,22.16,34000
26-Mar-08,22.75,22.75,22.11,22.57,71100
25-Mar-08,22.86,23.15,22.49,22.75,48300
24-Mar-08,22.53,22.99,22.45,22.70,72800
20-Mar-08,22.37,23.00,22.23,22.45,187500
19-Mar-08,22.20,22.46,21.48,21.48,56200
18-Mar-08,21.79,22.03,21.21,22.03,126400
17-Mar-08,20.25,21.58,20.25,21.08,89500
14-Mar-08,21.41,21.61,20.39,21.06,401605
13-Mar-08,19.76,21.67,19.54,21.65,626700
12-Mar-08,20.70,21.28,19.96,19.96,356055
11-Mar-08,19.43,20.63,18.96,20.63,483184
10-Mar-08,18.33,19.15,17.93,18.85,579300
7-Mar-08,18.14,18.69,17.92,18.29,607100
6-Mar-08,18.79,18.85,18.20,18.33,111400
5-Mar-08,19.45,19.46,18.56,18.86,45500
4-Mar-08,18.32,19.68,18.01,19.53,135800
3-Mar-08,18.93,19.28,17.94,18.50,133300
29-Feb-08,19.66,19.93,18.86,19.01,111300
28-Feb-08,20.51,20.51,19.39,19.87,88000
27-Feb-08,20.56,21.24,20.17,20.64,87200
26-Feb-08,20.81,21.65,20.61,20.73,85410
25-Feb-08,20.47,21.28,20.05,21.02,114300
22-Feb-08,19.85,20.59,19.61,20.46,70992
21-Feb-08,21.25,21.29,19.76,19.77,85800
20-Feb-08,19.85,21.23,19.77,21.18,79800
19-Feb-08,20.49,20.49,19.55,19.95,76900
15-Feb-08,19.45,20.27,19.45,20.15,56600
14-Feb-08,21.04,21.13,19.46,19.80,98300
13-Feb-08,20.07,20.99,20.07,20.95,86400
12-Feb-08,19.40,20.26,19.20,19.90,109300
11-Feb-08,18.78,19.80,18.01,19.38,104200
8-Feb-08,19.35,19.78,18.76,18.94,51300
7-Feb-08,18.89,19.41,18.49,19.36,78600
6-Feb-08,18.99,19.90,18.97,19.10,73900
5-Feb-08,18.51,19.78,18.51,18.87,113100
4-Feb-08,19.05,19.25,18.13,18.40,51900
1-Feb-08,18.32,19.10,17.77,18.99,59400
31-Jan-08,16.98,18.25,16.98,18.11,69400
30-Jan-08,17.24,18.17,16.89,17.23,55500
29-Jan-08,17.24,17.39,16.81,17.34,38200
28-Jan-08,16.98,17.38,16.05,17.17,42700
25-Jan-08,17.15,17.27,16.88,16.95,28600
24-Jan-08,17.20,17.38,16.68,16.97,49000
23-Jan-08,16.34,17.40,16.10,17.24,54400
22-Jan-08,15.70,16.94,15.70,16.84,54254
18-Jan-08,15.93,16.55,15.76,16.01,68700
17-Jan-08,16.94,17.02,16.00,16.01,48800
16-Jan-08,16.30,17.16,16.30,16.90,34200
15-Jan-08,16.60,16.84,16.00,16.33,47500
14-Jan-08,16.77,16.99,16.61,16.80,24300
11-Jan-08,17.18,17.38,16.64,16.64,42200
10-Jan-08,17.08,17.73,16.78,17.47,70819
9-Jan-08,16.92,17.36,16.60,17.25,60400
8-Jan-08,17.25,17.45,16.73,16.99,94000
7-Jan-08,17.00,17.62,16.88,17.20,67100
4-Jan-08,17.21,17.23,16.84,17.00,91900
3-Jan-08,17.48,17.58,17.05,17.05,77100
2-Jan-08,17.48,17.89,17.12,17.43,116000
31-Dec-07,17.67,17.87,17.10,17.45,81300
28-Dec-07,18.27,18.52,17.59,17.74,61300
27-Dec-07,18.92,19.00,18.04,18.21,55900
26-Dec-07,18.70,19.06,18.52,18.96,86200
24-Dec-07,18.51,19.10,18.35,18.96,41400
21-Dec-07,18.50,18.73,18.06,18.50,196200
20-Dec-07,18.67,18.75,17.66,18.18,89800
19-Dec-07,18.02,19.04,17.82,18.45,94800
18-Dec-07,17.82,18.25,17.25,17.99,105200
17-Dec-07,18.00,18.25,17.68,17.68,123600
14-Dec-07,18.72,18.91,18.00,18.02,56600
13-Dec-07,18.45,19.05,18.45,19.00,129400
12-Dec-07,19.14,19.14,18.24,18.71,84170
11-Dec-07,20.03,20.15,18.51,18.65,89400
10-Dec-07,19.31,19.95,19.31,19.90,65300
7-Dec-07,19.49,19.65,18.71,19.58,57142
6-Dec-07,18.28,19.49,18.28,19.45,53700
5-Dec-07,18.17,18.35,18.05,18.28,84200
4-Dec-07,18.50,18.64,18.05,18.05,45300
3-Dec-07,19.02,19.15,18.65,18.72,51000
30-Nov-07,20.48,21.00,19.03,19.08,116100
29-Nov-07,20.42,20.76,19.97,20.11,113200
28-Nov-07,19.55,20.71,19.51,20.50,74401
27-Nov-07,18.90,19.40,18.64,19.38,57492
26-Nov-07,19.92,19.92,18.50,18.51,49100
23-Nov-07,19.39,20.09,19.36,19.92,16400
21-Nov-07,19.37,19.80,19.15,19.21,49800
20-Nov-07,18.90,19.60,18.70,19.60,160700
19-Nov-07,19.50,19.60,18.58,19.10,57500
16-Nov-07,20.31,20.45,19.57,19.84,62700
15-Nov-07,20.49,20.74,19.86,20.27,44100
14-Nov-07,21.23,21.23,20.25,20.56,40800
13-Nov-07,20.27,21.05,20.03,21.05,58400
12-Nov-07,19.18,20.50,19.18,20.01,56600
9-Nov-07,19.29,19.60,18.70,19.11,61000
8-Nov-07,19.07,19.68,18.66,19.52,59000
7-Nov-07,19.80,19.85,18.98,18.98,53800
6-Nov-07,19.05,20.26,18.71,20.18,79301
5-Nov-07,19.45,19.57,19.00,19.36,43800
2-Nov-07,19.71,19.96,19.00,19.75,77900
1-Nov-07,20.70,20.90,19.77,19.77,125700
31-Oct-07,20.80,21.69,20.67,21.44,84800
30-Oct-07,20.70,21.04,20.40,20.79,35000
29-Oct-07,20.99,21.11,20.67,20.77,70100
26-Oct-07,20.34,20.92,20.16,20.89,33500
25-Oct-07,20.21,20.58,20.00,20.22,66300
24-Oct-07,20.59,20.62,20.00,20.21,79600
23-Oct-07,21.00,21.04,20.32,20.67,74700
22-Oct-07,20.25,20.98,20.20,20.89,48500
19-Oct-07,21.09,21.25,20.39,20.40,142000
18-Oct-07,21.00,21.48,20.99,21.10,40400
17-Oct-07,21.25,21.35,20.81,21.02,106600
16-Oct-07,21.42,21.79,21.00,21.10,81000
15-Oct-07,21.93,21.93,21.34,21.45,58500
12-Oct-07,21.64,22.10,21.64,21.95,51000
11-Oct-07,22.00,22.11,21.54,21.69,86600
10-Oct-07,21.88,22.14,21.70,21.98,119400
9-Oct-07,21.72,22.00,21.25,21.85,78700
8-Oct-07,22.58,22.89,21.57,21.70,60700
5-Oct-07,22.04,22.96,21.90,22.54,66200
4-Oct-07,22.15,22.27,21.74,21.85,38600
3-Oct-07,21.75,22.08,21.51,22.08,66500
2-Oct-07,21.90,22.04,21.66,21.86,63800
1-Oct-07,20.54,22.60,20.50,21.83,115600
28-Sep-07,21.72,21.78,20.65,20.68,59500
27-Sep-07,21.51,22.20,21.10,21.76,57000
26-Sep-07,22.21,22.39,21.20,21.46,112800
25-Sep-07,22.38,22.78,21.94,22.11,46000
24-Sep-07,22.71,22.93,22.23,22.47,54300
21-Sep-07,23.53,23.71,22.54,22.62,80900
20-Sep-07,22.98,23.46,22.71,23.31,51500
19-Sep-07,23.45,23.47,22.73,23.05,75300
18-Sep-07,21.16,23.19,20.95,23.13,118700
17-Sep-07,22.17,22.66,20.85,21.09,64000
14-Sep-07,21.81,22.21,21.63,22.17,47700
13-Sep-07,22.28,22.28,21.73,22.00,83800
12-Sep-07,22.28,22.47,22.08,22.20,37100
11-Sep-07,21.70,22.42,21.70,22.37,61000
10-Sep-07,23.13,23.13,21.50,21.63,61400
7-Sep-07,23.25,23.68,22.70,23.02,63600
6-Sep-07,23.70,24.19,22.97,23.57,30100
5-Sep-07,24.15,24.22,23.28,23.67,85000
4-Sep-07,24.97,25.00,24.16,24.30,46700
31-Aug-07,24.95,25.17,24.75,25.03,49600
30-Aug-07,24.40,25.07,24.30,24.70,50200
29-Aug-07,24.35,25.29,23.91,24.90,79500
28-Aug-07,24.73,24.73,24.20,24.20,85700
27-Aug-07,25.24,25.38,24.46,24.85,73100
24-Aug-07,25.15,25.34,24.82,25.27,63200
23-Aug-07,25.65,25.91,24.85,25.17,45200
22-Aug-07,25.00,25.93,24.90,25.55,25000
21-Aug-07,24.78,25.82,24.41,24.81,46000
20-Aug-07,26.25,26.26,24.46,24.88,57200
17-Aug-07,25.75,27.49,25.75,26.14,99900
16-Aug-07,22.65,24.96,22.65,24.96,84900
15-Aug-07,22.57,24.24,22.50,22.98,34800
14-Aug-07,23.02,23.21,22.25,22.52,41900
13-Aug-07,24.84,24.92,23.10,23.11,70900
10-Aug-07,20.90,24.99,20.90,24.84,134800
9-Aug-07,21.95,22.50,20.84,21.14,101600
8-Aug-07,22.05,23.14,21.26,22.19,81700
7-Aug-07,22.43,22.44,20.92,21.84,81600
6-Aug-07,22.19,22.68,21.45,22.60,78400
3-Aug-07,23.50,23.62,22.02,22.20,68700
2-Aug-07,24.01,24.15,23.12,23.54,83300
1-Aug-07,23.75,24.47,23.44,23.97,53800
31-Jul-07,24.35,24.46,23.63,23.70,48800
30-Jul-07,24.50,24.50,23.90,24.18,53700
27-Jul-07,24.90,25.10,24.35,24.50,92400
26-Jul-07,25.75,26.02,24.48,25.05,99100
25-Jul-07,25.85,26.43,25.32,25.93,56600
24-Jul-07,26.81,26.92,25.70,25.75,74300
23-Jul-07,27.50,27.69,27.07,27.31,29400
20-Jul-07,27.79,27.79,26.69,27.38,82200
19-Jul-07,27.70,27.90,27.70,27.85,15900
18-Jul-07,27.15,27.50,26.98,27.47,53500
17-Jul-07,27.27,27.44,27.16,27.25,30400
16-Jul-07,27.18,27.55,26.89,27.16,40200
13-Jul-07,27.10,27.28,26.67,27.28,24400
12-Jul-07,27.00,27.30,26.91,27.16,39200
11-Jul-07,26.93,27.29,26.57,26.80,42900
10-Jul-07,28.01,28.05,26.81,26.89,76100
9-Jul-07,28.46,28.49,27.65,28.26,42800
6-Jul-07,27.90,28.58,27.90,28.47,40900
5-Jul-07,29.10,29.10,27.89,28.27,47100
3-Jul-07,29.30,29.42,28.91,29.04,14100
2-Jul-07,28.54,29.40,28.24,29.23,39900
29-Jun-07,29.03,29.80,28.36,28.44,55700
28-Jun-07,28.80,29.26,28.36,28.93,54100
27-Jun-07,28.66,29.17,28.50,29.13,39800
26-Jun-07,28.99,29.08,28.49,28.73,51300
25-Jun-07,28.81,29.80,28.72,28.81,73500
22-Jun-07,29.89,29.94,28.45,28.78,108800
21-Jun-07,29.27,29.93,29.17,29.87,39500
20-Jun-07,30.44,30.49,29.13,29.27,86600
19-Jun-07,29.67,30.47,29.57,30.28,44500
18-Jun-07,29.92,29.92,29.45,29.67,41000
15-Jun-07,29.45,30.24,29.35,29.82,98500
14-Jun-07,28.96,29.35,28.76,28.98,36200
13-Jun-07,28.45,28.99,28.35,28.99,28700
12-Jun-07,28.60,28.90,28.30,28.39,58600
11-Jun-07,28.85,29.03,28.55,28.84,39770
8-Jun-07,28.94,29.00,28.47,28.97,72400
7-Jun-07,29.00,29.01,28.53,28.74,64300
6-Jun-07,29.20,29.34,28.81,29.06,57300
5-Jun-07,29.35,29.43,29.02,29.27,67800
4-Jun-07,28.65,29.47,28.65,29.40,89000
1-Jun-07,28.60,28.90,28.43,28.69,27100
31-May-07,28.69,29.49,28.50,28.53,130100
30-May-07,28.55,28.91,28.07,28.69,74800
29-May-07,28.40,29.00,28.40,28.66,49000
25-May-07,28.20,28.50,28.01,28.32,55200
24-May-07,28.02,28.61,27.91,28.09,74000
23-May-07,28.04,28.35,27.82,28.09,88700
22-May-07,27.20,28.21,27.19,28.05,74200
21-May-07,27.15,27.35,27.01,27.28,105500
18-May-07,27.01,27.33,26.47,27.25,60120
17-May-07,27.05,27.09,26.88,27.01,93600
16-May-07,27.00,27.24,26.76,27.10,82900
15-May-07,26.98,27.34,26.84,26.91,128500
14-May-07,27.15,27.15,26.64,26.98,71200
11-May-07,26.85,27.32,26.85,27.25,34700
10-May-07,27.15,27.15,26.50,26.67,65100
9-May-07,27.05,27.38,27.03,27.34,39100
8-May-07,27.24,27.40,26.83,27.27,45800
7-May-07,27.94,28.02,27.27,27.34,87500
4-May-07,28.05,28.05,27.65,27.92,45800
3-May-07,28.20,28.40,27.74,27.94,75000
2-May-07,27.20,28.58,27.18,28.25,92700
1-May-07,27.36,27.85,26.76,27.34,68900
30-Apr-07,27.55,28.03,27.32,27.36,124100
27-Apr-07,27.87,27.87,27.26,27.56,48800
26-Apr-07,28.00,28.42,27.85,27.90,88110
25-Apr-07,29.15,29.66,28.89,29.29,77400
24-Apr-07,29.14,29.41,28.65,29.15,64700
23-Apr-07,28.65,29.40,28.57,29.09,48600
20-Apr-07,28.60,28.87,28.60,28.71,23570
19-Apr-07,28.65,28.89,28.07,28.24,35800
18-Apr-07,28.49,28.99,28.49,28.75,30200
17-Apr-07,29.00,29.00,28.22,28.57,31400
16-Apr-07,28.68,29.01,28.68,29.01,48200
13-Apr-07,28.00,28.80,28.00,28.58,39630
12-Apr-07,27.77,28.12,27.41,28.02,30900
11-Apr-07,28.23,28.24,27.50,27.77,45500
10-Apr-07,28.13,28.80,28.13,28.22,20600
9-Apr-07,28.60,28.80,28.00,28.19,111000
5-Apr-07,28.70,28.85,28.50,28.61,19400
4-Apr-07,28.69,28.85,28.35,28.74,24800
3-Apr-07,28.39,28.92,28.37,28.75,39200
2-Apr-07,28.53,28.53,27.61,28.31,48200
30-Mar-07,27.60,28.51,27.54,28.51,40900
29-Mar-07,27.88,27.91,26.43,27.54,36400
28-Mar-07,27.50,27.75,27.34,27.67,96600
27-Mar-07,28.49,28.50,27.47,27.56,16300
26-Mar-07,28.47,28.75,28.11,28.60,20800
23-Mar-07,28.25,28.69,28.25,28.54,23200
22-Mar-07,28.47,28.60,27.79,28.25,22700
21-Mar-07,27.00,28.37,26.87,28.37,31600
20-Mar-07,26.81,27.00,26.38,27.00,23100
19-Mar-07,26.10,27.47,26.10,26.77,47200
16-Mar-07,26.98,26.97,25.68,25.96,81800
15-Mar-07,26.74,26.97,26.11,26.97,28200
14-Mar-07,25.78,26.73,25.75,26.70,33800
13-Mar-07,26.67,26.81,25.81,25.86,37600
12-Mar-07,26.25,26.80,26.08,26.78,15300
9-Mar-07,26.40,26.75,26.00,26.23,34400
8-Mar-07,26.70,26.89,26.12,26.24,32700
7-Mar-07,27.27,27.27,26.47,26.52,35900
6-Mar-07,26.35,27.50,26.35,27.35,25400
5-Mar-07,26.85,27.57,26.15,26.16,40500
2-Mar-07,27.55,27.67,26.98,27.01,62600
1-Mar-07,28.00,28.36,27.70,27.74,50408
28-Feb-07,27.79,28.24,27.71,28.06,53800
27-Feb-07,28.04,28.12,27.50,27.80,64000
26-Feb-07,28.25,28.30,27.85,28.24,34400
23-Feb-07,28.96,28.96,28.10,28.17,37500
22-Feb-07,28.86,29.08,28.63,29.00,22600
21-Feb-07,28.45,28.90,28.35,28.88,22500
20-Feb-07,28.09,28.69,27.90,28.60,21200
16-Feb-07,28.04,28.30,27.84,28.16,28100
15-Feb-07,28.30,28.30,28.00,28.03,40400
14-Feb-07,28.71,28.76,28.20,28.30,27200
13-Feb-07,28.55,28.99,28.55,28.74,21600
12-Feb-07,28.64,28.81,28.13,28.48,18538
9-Feb-07,29.15,29.15,28.27,28.66,46400
8-Feb-07,28.90,29.18,28.86,29.15,17000
7-Feb-07,29.01,29.33,28.89,28.97,31300
6-Feb-07,28.98,29.04,28.72,29.00,23800
5-Feb-07,29.23,29.23,28.61,28.88,27100
2-Feb-07,29.10,29.80,28.86,29.35,33000
1-Feb-07,28.80,29.22,28.50,29.03,34500
31-Jan-07,29.06,29.14,28.70,29.14,35300
30-Jan-07,29.04,29.30,28.89,29.18,24200
29-Jan-07,29.39,29.40,28.81,29.03,29100
26-Jan-07,29.21,29.49,28.89,29.41,17100
25-Jan-07,29.53,29.65,28.89,29.21,39200
24-Jan-07,29.14,29.82,29.08,29.56,29300
23-Jan-07,28.58,29.29,28.58,29.14,19800
22-Jan-07,28.65,28.76,28.25,28.50,26300
19-Jan-07,28.74,28.93,28.25,28.84,15400
18-Jan-07,29.00,29.09,28.59,28.64,31100
17-Jan-07,29.10,29.16,28.98,29.02,17100
16-Jan-07,29.40,29.54,29.00,29.18,20100
12-Jan-07,29.17,29.47,29.02,29.24,14800
11-Jan-07,28.92,29.29,28.87,29.24,33400
10-Jan-07,28.39,28.94,28.39,28.78,41200
9-Jan-07,28.37,28.67,27.99,28.67,80000
8-Jan-07,29.17,29.30,28.15,28.35,91800
5-Jan-07,30.80,30.80,29.17,29.17,51400
4-Jan-07,30.08,30.96,29.66,30.96,35800
3-Jan-07,30.30,30.85,29.86,30.28,53100
29-Dec-06,31.30,31.36,30.10,30.13,29100
28-Dec-06,31.34,31.50,31.12,31.29,11500
27-Dec-06,31.10,31.58,30.95,31.51,28800
26-Dec-06,30.60,31.22,30.60,30.96,21300
22-Dec-06,30.93,30.98,30.51,30.51,16900
21-Dec-06,30.88,31.57,30.78,30.93,25200
20-Dec-06,30.64,31.16,30.63,30.79,109000
19-Dec-06,30.07,30.64,30.07,30.55,24000
18-Dec-06,30.76,31.19,30.01,30.16,25500
15-Dec-06,31.03,31.17,30.40,30.70,58700
14-Dec-06,30.30,31.27,30.30,31.01,44300
13-Dec-06,30.20,30.58,30.20,30.45,21500
12-Dec-06,29.48,30.02,29.25,30.02,21900
11-Dec-06,29.65,29.70,29.25,29.41,26700
8-Dec-06,30.07,30.08,29.45,29.61,11100
7-Dec-06,30.32,30.39,29.72,30.09,31400
6-Dec-06,30.00,30.44,29.85,30.25,15100
5-Dec-06,30.48,30.54,29.98,30.19,32500
4-Dec-06,29.71,30.31,29.71,30.29,49600
1-Dec-06,29.73,29.97,29.00,29.81,47200
30-Nov-06,29.77,29.91,29.37,29.73,36300
29-Nov-06,28.97,29.72,28.89,29.71,77800
28-Nov-06,28.58,29.18,28.28,28.85,37800
27-Nov-06,30.24,30.25,28.59,28.59,27100
24-Nov-06,30.20,30.50,30.14,30.42,6600
22-Nov-06,30.83,30.83,30.15,30.31,10800
21-Nov-06,30.26,30.70,30.21,30.70,16800
20-Nov-06,29.44,30.53,29.44,30.30,20300
17-Nov-06,30.15,30.15,29.33,29.50,28700
16-Nov-06,30.74,30.74,29.78,30.15,28700
15-Nov-06,30.02,30.95,29.70,30.88,52800
14-Nov-06,28.99,30.12,28.50,30.10,42000
13-Nov-06,28.30,29.00,28.30,29.00,25300
10-Nov-06,27.90,28.60,27.90,28.60,14500
9-Nov-06,28.50,28.81,27.84,27.95,31600
8-Nov-06,27.98,29.10,27.90,28.79,21600
7-Nov-06,28.40,29.08,28.15,28.17,16600
6-Nov-06,28.20,28.56,27.85,28.55,16400
3-Nov-06,27.98,28.38,27.57,28.07,23900
2-Nov-06,27.70,28.05,27.60,27.80,31700
1-Nov-06,29.16,29.36,27.75,27.80,29800
31-Oct-06,29.80,29.80,29.02,29.12,21200
30-Oct-06,29.08,29.96,28.92,29.71,21500
27-Oct-06,30.00,30.00,29.07,29.22,19800
26-Oct-06,29.80,30.26,29.32,30.08,40600
25-Oct-06,29.51,29.99,28.91,29.79,21700
24-Oct-06,29.33,29.89,29.20,29.63,8400
23-Oct-06,29.25,29.88,29.00,29.48,17500
20-Oct-06,29.70,29.91,29.30,29.45,11600
19-Oct-06,29.30,30.31,29.28,29.60,19300
18-Oct-06,30.24,30.50,29.05,29.30,49500
17-Oct-06,30.00,30.20,29.57,30.19,29700
16-Oct-06,29.40,30.22,29.40,30.15,22900
13-Oct-06,28.97,29.48,28.95,29.40,26500
12-Oct-06,28.18,28.88,28.05,28.87,28100
11-Oct-06,28.20,28.50,27.75,27.98,20000
10-Oct-06,28.42,28.61,28.03,28.30,24200
9-Oct-06,28.00,28.57,27.87,28.35,18500
6-Oct-06,28.64,28.78,28.05,28.06,34700
5-Oct-06,28.50,28.99,28.50,28.78,24400
4-Oct-06,28.25,28.71,28.25,28.71,29100
3-Oct-06,27.25,28.62,26.63,28.39,76900
2-Oct-06,27.88,28.23,27.04,27.24,39100
29-Sep-06,28.44,28.44,27.82,27.88,58100
28-Sep-06,28.58,28.85,28.04,28.43,26700
27-Sep-06,28.25,29.31,28.25,28.42,36200
26-Sep-06,28.80,28.80,28.39,28.40,21400
25-Sep-06,28.52,28.90,28.17,28.70,29600
22-Sep-06,28.45,28.62,27.65,28.58,37900
21-Sep-06,28.42,29.30,28.11,28.59,25400
20-Sep-06,28.38,29.34,28.01,28.39,50900
19-Sep-06,28.70,29.20,27.59,28.29,41200
18-Sep-06,29.82,29.82,28.50,28.66,34800
15-Sep-06,29.40,30.00,28.62,30.00,122100
14-Sep-06,28.97,29.21,28.51,29.19,27000
13-Sep-06,30.12,30.12,28.83,29.07,51100
12-Sep-06,29.40,30.61,29.26,30.07,73400
11-Sep-06,27.80,29.38,27.76,29.23,23500
8-Sep-06,27.77,27.99,27.77,27.89,7000
7-Sep-06,28.30,28.75,27.83,27.83,18300
6-Sep-06,29.62,29.77,28.18,28.36,36300
5-Sep-06,29.13,29.80,29.05,29.76,20000
1-Sep-06,29.60,29.90,29.21,29.21,18600
31-Aug-06,29.45,30.00,29.39,29.45,26200
30-Aug-06,30.14,30.63,29.39,29.39,49600
29-Aug-06,29.00,29.93,28.72,29.89,38500
28-Aug-06,27.85,28.90,27.55,28.90,17600
25-Aug-06,27.55,28.10,27.55,27.75,13500
24-Aug-06,28.06,28.06,27.29,27.63,19600
23-Aug-06,27.95,28.27,27.57,27.90,27200
22-Aug-06,27.75,28.15,27.42,27.84,20400
21-Aug-06,28.85,28.85,27.69,27.85,41600
18-Aug-06,29.22,29.22,28.40,29.04,15800
17-Aug-06,28.72,29.28,28.72,29.08,15300
16-Aug-06,28.25,29.48,28.25,28.85,45100
15-Aug-06,27.50,28.17,27.42,28.10,13800
14-Aug-06,26.92,27.98,26.82,27.15,17800
11-Aug-06,27.19,27.19,26.40,26.77,27300
10-Aug-06,26.31,27.41,26.31,27.21,27100
9-Aug-06,26.45,27.37,26.40,26.53,55400
8-Aug-06,26.71,26.88,26.20,26.27,38400
7-Aug-06,26.50,27.01,26.40,26.72,29800
4-Aug-06,27.18,27.63,26.19,26.48,33900
3-Aug-06,26.75,27.25,26.46,26.96,46500
2-Aug-06,26.99,27.45,26.61,27.03,55300
1-Aug-06,27.36,27.46,26.61,26.84,61200
31-Jul-06,27.65,28.29,27.36,27.36,36800
28-Jul-06,26.90,28.50,26.54,27.98,36500
27-Jul-06,28.30,28.30,26.68,26.84,32200
26-Jul-06,28.50,28.67,27.73,28.15,26600
25-Jul-06,28.65,28.98,27.65,28.59,31700
24-Jul-06,26.65,28.65,26.65,28.60,36000
21-Jul-06,27.04,27.04,26.12,26.54,26300
20-Jul-06,28.98,28.98,27.00,27.04,42300
19-Jul-06,27.34,28.96,27.32,28.86,43800
18-Jul-06,26.88,27.36,26.65,27.26,48700
17-Jul-06,26.89,27.24,26.23,26.81,41500
14-Jul-06,27.00,27.15,26.50,26.89,28200
13-Jul-06,27.29,27.63,26.47,27.05,54600
12-Jul-06,28.30,28.43,27.27,27.28,19600
11-Jul-06,28.43,28.52,27.51,28.40,27200
10-Jul-06,28.37,28.95,28.37,28.58,32400
7-Jul-06,30.00,30.07,28.46,28.48,28100
6-Jul-06,31.03,31.03,29.37,30.18,40000
5-Jul-06,29.64,30.25,29.10,30.13,42800
3-Jul-06,30.20,30.20,29.70,29.74,18400
30-Jun-06,29.40,30.35,28.71,30.35,64400
29-Jun-06,27.12,29.28,27.12,29.27,38600
28-Jun-06,27.01,27.65,26.58,26.97,83100
27-Jun-06,28.30,28.32,26.80,27.01,46500
26-Jun-06,27.28,28.27,27.28,28.24,21100
23-Jun-06,27.60,27.90,26.95,27.20,26200
22-Jun-06,26.63,27.85,26.55,27.72,47200
21-Jun-06,26.05,26.80,26.05,26.63,33400
20-Jun-06,26.37,26.43,25.95,26.05,39000
19-Jun-06,27.29,27.29,26.30,26.38,30300
16-Jun-06,28.43,28.52,27.15,27.29,162700
15-Jun-06,27.20,28.60,27.16,28.43,20900
14-Jun-06,26.75,27.33,26.27,27.17,35200
13-Jun-06,26.56,27.74,26.56,26.83,56700
12-Jun-06,26.16,27.13,26.16,26.56,38500
9-Jun-06,28.05,28.49,27.10,27.12,25300
8-Jun-06,27.37,28.00,26.68,27.96,40500
7-Jun-06,27.70,28.45,27.30,27.52,32400
6-Jun-06,27.92,27.92,26.96,27.35,42800
5-Jun-06,29.10,29.17,27.90,28.05,107700
2-Jun-06,29.90,29.99,28.93,29.25,90900
1-Jun-06,29.40,30.21,29.10,29.81,68300
31-May-06,28.93,29.35,28.80,29.35,85300
30-May-06,29.26,29.29,28.21,28.75,63200
26-May-06,29.50,29.58,29.30,29.32,20200
25-May-06,29.02,29.50,29.02,29.50,25100
24-May-06,27.88,29.22,27.79,29.14,75100
23-May-06,29.70,29.89,27.75,27.98,53700
22-May-06,28.73,30.10,28.20,29.61,49400
19-May-06,27.91,29.48,27.70,28.83,45200
18-May-06,28.25,28.73,27.67,27.90,46700
17-May-06,29.15,29.50,28.28,28.75,56600
16-May-06,28.76,29.70,28.50,29.25,24200
15-May-06,27.45,28.93,27.34,28.78,51300
12-May-06,27.82,27.85,27.60,27.62,38100
11-May-06,28.70,28.70,27.51,27.87,50200
10-May-06,29.05,29.19,28.81,28.87,23800
9-May-06,29.22,29.22,29.00,29.20,12200
8-May-06,29.65,29.85,29.59,29.68,12000
5-May-06,28.75,29.63,28.75,29.49,13400
4-May-06,27.80,28.74,27.74,28.73,31600
3-May-06,28.11,28.25,27.89,27.95,21200
2-May-06,28.80,28.80,28.14,28.25,34200
1-May-06,28.69,29.59,28.54,28.70,38000
28-Apr-06,28.65,29.72,28.65,28.69,26800
27-Apr-06,28.36,28.96,28.09,28.58,20600
26-Apr-06,28.25,29.51,28.15,28.46,26500
25-Apr-06,28.15,28.34,27.92,28.34,22300
24-Apr-06,29.37,29.37,28.30,28.30,9700
21-Apr-06,30.34,30.34,29.28,29.37,23800
20-Apr-06,29.85,29.85,29.29,29.84,11100
19-Apr-06,28.77,30.05,28.77,30.05,38500
18-Apr-06,27.69,28.52,27.69,28.52,36300
17-Apr-06,28.71,28.71,27.22,27.67,38500
13-Apr-06,29.26,29.75,28.77,28.81,39700
12-Apr-06,29.04,29.50,28.98,29.16,16000
11-Apr-06,29.57,30.34,29.03,29.04,29700
10-Apr-06,30.30,30.45,29.13,29.22,19600
7-Apr-06,31.65,31.70,30.55,30.55,32900
6-Apr-06,31.35,31.62,31.20,31.50,18700
5-Apr-06,31.52,31.57,31.30,31.45,19500
4-Apr-06,31.22,31.50,31.05,31.50,30100
3-Apr-06,31.76,31.79,31.21,31.22,18100
31-Mar-06,31.54,31.88,30.72,31.66,41800
30-Mar-06,32.31,32.31,31.29,31.60,20500
29-Mar-06,31.75,32.35,31.74,32.30,15200
28-Mar-06,31.94,32.01,31.37,31.60,18500
27-Mar-06,32.30,32.30,31.87,32.02,8000
24-Mar-06,31.98,32.25,31.90,32.25,13500
23-Mar-06,32.15,32.15,31.63,31.98,18000
22-Mar-06,31.40,32.22,31.35,32.22,19200
21-Mar-06,31.88,31.95,31.36,31.51,35800
20-Mar-06,30.80,32.10,30.80,32.00,29900
17-Mar-06,30.65,30.95,30.49,30.94,88500
16-Mar-06,30.75,30.89,30.36,30.51,18200
15-Mar-06,30.79,30.90,30.53,30.79,17600
14-Mar-06,30.60,31.20,30.58,30.80,31000
13-Mar-06,30.71,30.89,30.46,30.68,20600
10-Mar-06,30.32,30.72,29.99,30.72,28800
9-Mar-06,30.36,30.70,30.07,30.32,30500
8-Mar-06,30.10,30.62,29.90,30.53,18500
7-Mar-06,30.65,30.65,29.99,30.16,29400
6-Mar-06,31.50,31.50,30.60,30.72,30800
3-Mar-06,31.80,32.03,31.40,31.50,18300
2-Mar-06,32.32,32.78,31.84,31.85,20400
1-Mar-06,31.82,32.46,31.67,32.40,13800
28-Feb-06,32.57,32.57,31.85,31.87,94900
27-Feb-06,32.14,32.57,32.05,32.57,15200
24-Feb-06,31.69,32.35,31.44,32.34,16800
23-Feb-06,32.10,32.47,31.79,31.79,19600
22-Feb-06,31.25,32.48,31.25,32.18,20100
21-Feb-06,31.19,31.31,31.07,31.25,20200
17-Feb-06,31.18,31.39,31.01,31.39,11700
16-Feb-06,30.47,30.93,30.38,30.93,7100
15-Feb-06,30.14,30.71,30.04,30.40,15400
14-Feb-06,30.15,30.30,29.90,30.19,36300
13-Feb-06,30.57,30.58,29.95,30.20,15800
10-Feb-06,31.10,31.17,30.26,31.06,40000
9-Feb-06,30.92,31.36,30.82,31.15,21600
8-Feb-06,30.19,30.85,30.19,30.82,14000
7-Feb-06,30.21,31.10,30.13,30.44,19000
6-Feb-06,30.42,30.42,29.95,30.31,9400
3-Feb-06,30.80,31.15,30.41,30.41,12700
2-Feb-06,31.80,31.81,30.74,30.85,21700
1-Feb-06,30.77,31.82,30.73,31.82,16700
31-Jan-06,31.17,31.17,30.63,30.92,23800
30-Jan-06,31.61,31.76,30.88,31.14,26700
27-Jan-06,30.68,31.80,30.38,31.71,33400
26-Jan-06,30.00,30.78,29.70,30.78,40300
25-Jan-06,29.90,30.00,29.77,30.00,13700
24-Jan-06,29.30,29.99,29.15,29.99,30700
23-Jan-06,29.25,29.41,29.02,29.32,14800
20-Jan-06,30.00,30.00,29.28,29.30,16700
19-Jan-06,29.30,30.00,29.29,29.99,13600
18-Jan-06,28.95,29.30,28.95,29.29,16700
17-Jan-06,29.42,29.45,28.94,29.02,14400
13-Jan-06,29.18,29.59,29.18,29.52,18600
12-Jan-06,29.33,29.45,29.00,29.00,11000
11-Jan-06,29.34,29.46,29.03,29.43,27300
10-Jan-06,28.60,29.45,28.58,29.33,17000
9-Jan-06,28.25,28.85,28.25,28.68,7900
6-Jan-06,27.72,28.17,27.59,28.17,20400
5-Jan-06,27.50,27.91,27.45,27.72,18400
4-Jan-06,27.07,27.83,27.06,27.53,15100
3-Jan-06,27.70,27.70,26.72,27.07,23200
30-Dec-05,27.70,27.94,27.53,27.76,17100
29-Dec-05,28.18,28.18,27.60,27.78,19500
28-Dec-05,27.08,28.19,27.02,28.18,26700
27-Dec-05,27.78,27.78,27.00,27.00,12800
23-Dec-05,27.84,27.89,27.65,27.82,2600
22-Dec-05,27.47,27.80,27.27,27.74,18300
21-Dec-05,27.40,27.69,27.25,27.62,9300
20-Dec-05,27.45,27.61,27.25,27.50,24800
19-Dec-05,28.12,28.12,27.40,27.53,19300
16-Dec-05,28.30,28.38,27.80,28.20,82900
15-Dec-05,28.88,28.88,27.97,28.30,15700
14-Dec-05,28.88,29.18,28.85,28.93,11300
13-Dec-05,28.70,28.88,28.60,28.88,15300
12-Dec-05,28.90,29.00,28.64,28.93,12700
9-Dec-05,28.62,28.90,28.35,28.90,7700
8-Dec-05,28.00,29.06,27.98,28.55,13400
7-Dec-05,28.55,28.55,27.93,28.04,13000
6-Dec-05,28.42,28.94,28.42,28.49,11800
5-Dec-05,28.40,28.49,28.08,28.37,13200
2-Dec-05,27.90,28.45,27.76,28.45,24500
1-Dec-05,27.80,28.00,27.56,27.99,30800
30-Nov-05,27.00,27.74,27.00,27.74,25200
29-Nov-05,26.78,27.14,26.78,26.91,16900
28-Nov-05,27.81,27.81,26.75,26.78,13800
25-Nov-05,27.73,27.81,27.73,27.81,1700
23-Nov-05,27.52,27.80,27.40,27.73,5500
22-Nov-05,27.49,27.59,27.25,27.51,9400
21-Nov-05,27.22,27.60,26.91,27.49,10900
18-Nov-05,26.79,27.33,26.69,27.28,22000
17-Nov-05,26.15,26.54,26.01,26.54,17000
16-Nov-05,26.70,26.90,25.92,26.01,15400
15-Nov-05,27.30,27.56,26.50,26.50,23600
14-Nov-05,28.00,28.11,27.30,27.37,16700
11-Nov-05,27.68,28.00,27.67,27.95,10900
10-Nov-05,28.40,28.40,27.20,27.74,21900
9-Nov-05,28.00,28.52,27.90,28.45,10300
8-Nov-05,27.95,28.10,27.84,27.96,6400
7-Nov-05,27.78,28.10,27.54,28.03,13600
4-Nov-05,27.65,27.78,27.35,27.78,15200
3-Nov-05,27.54,27.99,27.50,27.60,24800
2-Nov-05,26.82,27.44,26.82,27.44,12800
1-Nov-05,26.97,27.09,26.90,26.98,8500
31-Oct-05,26.00,27.06,26.00,27.02,19300
28-Oct-05,25.67,25.94,25.58,25.85,16800
27-Oct-05,26.80,26.80,25.62,25.62,16200
26-Oct-05,26.80,27.14,26.77,26.85,9300
25-Oct-05,27.43,27.43,26.31,26.72,20100
24-Oct-05,27.10,27.45,27.01,27.43,12600
21-Oct-05,26.37,27.25,26.35,27.00,15300
20-Oct-05,26.93,27.15,26.27,26.37,16300
19-Oct-05,25.40,27.00,25.38,27.00,18400
18-Oct-05,25.98,26.20,25.56,25.56,11900
17-Oct-05,26.60,26.60,25.60,26.13,18000
14-Oct-05,26.60,26.67,26.25,26.59,8100
13-Oct-05,25.58,26.90,25.55,26.54,27400
12-Oct-05,25.70,25.74,25.15,25.63,17500
11-Oct-05,25.70,25.90,25.54,25.78,23500
10-Oct-05,25.65,25.84,25.53,25.65,10000
7-Oct-05,25.35,25.77,25.20,25.73,10300
6-Oct-05,25.62,25.63,24.90,25.35,24100
5-Oct-05,26.40,26.40,25.72,25.72,14200
4-Oct-05,26.59,26.96,26.29,26.45,20000
3-Oct-05,26.36,26.81,26.36,26.62,22900
30-Sep-05,25.57,26.40,25.55,26.33,21500
29-Sep-05,24.59,25.58,24.45,25.56,21400
28-Sep-05,24.70,24.85,24.24,24.53,14200
27-Sep-05,24.40,24.66,24.08,24.66,17800
26-Sep-05,24.40,24.70,24.27,24.53,14900
23-Sep-05,24.05,24.29,23.84,24.20,15700
22-Sep-05,24.21,24.22,23.78,24.15,29800
21-Sep-05,24.48,24.48,24.13,24.20,28900
20-Sep-05,26.15,26.15,24.30,24.38,40200
19-Sep-05,26.05,26.05,25.59,25.80,25500
16-Sep-05,25.50,26.09,25.50,26.09,72100
15-Sep-05,25.23,25.36,25.09,25.36,11800
14-Sep-05,26.97,26.97,25.17,25.18,27900
13-Sep-05,27.20,27.33,26.75,26.96,15900
12-Sep-05,26.38,27.47,26.28,27.25,30400
9-Sep-05,26.50,26.70,26.20,26.38,20000
8-Sep-05,27.15,27.15,26.39,26.52,16500
7-Sep-05,27.30,27.30,26.88,27.22,13300
6-Sep-05,26.51,27.30,26.51,27.30,14300
2-Sep-05,26.80,26.84,26.41,26.46,7200
1-Sep-05,26.64,26.90,26.64,26.85,4300
31-Aug-05,26.50,26.75,26.26,26.64,22900
30-Aug-05,26.76,26.76,26.20,26.42,10500
29-Aug-05,26.20,26.75,26.00,26.73,24900
26-Aug-05,27.35,27.35,26.06,26.30,33800
25-Aug-05,27.85,28.10,27.12,27.32,49900
24-Aug-05,27.60,27.95,27.40,27.48,12800
23-Aug-05,27.79,27.99,27.64,27.70,10700
22-Aug-05,27.68,27.84,27.50,27.84,12700
19-Aug-05,27.86,27.86,27.62,27.78,8000
18-Aug-05,27.90,28.00,27.80,27.86,17600
17-Aug-05,28.00,28.27,27.73,27.95,11100
16-Aug-05,28.50,28.50,27.78,27.94,15200
15-Aug-05,28.16,28.70,28.02,28.60,13900
12-Aug-05,28.80,28.80,28.12,28.15,12600
11-Aug-05,28.60,28.92,28.40,28.90,17900
10-Aug-05,28.85,29.00,28.23,28.49,12600
9-Aug-05,28.92,29.30,28.82,28.83,15100
8-Aug-05,28.65,28.87,28.65,28.82,17000
5-Aug-05,28.62,28.80,28.62,28.65,21000
4-Aug-05,29.00,29.11,28.44,28.44,17500
3-Aug-05,29.45,29.54,29.14,29.14,7300
2-Aug-05,29.43,29.70,29.38,29.52,16700
1-Aug-05,29.60,29.85,29.47,29.50,21000
29-Jul-05,29.78,29.80,29.65,29.70,12300
28-Jul-05,29.25,29.93,29.24,29.91,17200
27-Jul-05,29.35,29.37,28.85,29.25,8500
26-Jul-05,29.00,29.40,28.90,29.32,7000
25-Jul-05,29.74,29.74,28.80,28.90,22200
22-Jul-05,29.30,29.75,29.15,29.72,20400
21-Jul-05,29.80,29.84,29.25,29.26,12500
20-Jul-05,29.00,30.00,28.95,29.90,13100
19-Jul-05,28.66,29.24,28.66,29.20,16600
18-Jul-05,28.79,28.79,28.55,28.56,8500
15-Jul-05,29.11,29.12,28.60,28.82,10000
14-Jul-05,29.35,29.67,29.15,29.21,37300
13-Jul-05,29.34,29.41,29.19,29.27,10400
12-Jul-05,29.65,29.74,29.40,29.49,27300
11-Jul-05,29.40,30.00,29.23,29.65,52500
8-Jul-05,29.00,29.84,29.00,29.60,56100
7-Jul-05,28.62,28.99,28.60,28.95,15200
6-Jul-05,28.71,28.96,28.63,28.72,16700
5-Jul-05,28.56,29.00,28.50,28.75,13700
1-Jul-05,28.45,28.69,28.37,28.56,4500
30-Jun-05,29.78,29.85,28.40,28.41,34300
29-Jun-05,29.64,30.31,29.59,29.98,44700
28-Jun-05,27.99,29.55,27.99,29.54,28300
27-Jun-05,27.71,28.00,27.71,27.94,7700
24-Jun-05,28.30,28.31,27.50,27.70,32400
23-Jun-05,28.79,29.00,28.35,28.35,19500
22-Jun-05,28.60,29.00,28.60,28.78,11900
21-Jun-05,28.46,28.50,28.39,28.45,10300
20-Jun-05,28.52,28.60,28.38,28.42,10100
17-Jun-05,28.95,28.95,28.62,28.62,54700
16-Jun-05,28.24,28.75,28.20,28.75,15600
15-Jun-05,28.20,28.30,27.89,28.30,15400
14-Jun-05,27.82,28.10,27.74,28.10,10400
13-Jun-05,27.23,27.95,27.12,27.92,12500
10-Jun-05,27.25,27.25,27.03,27.03,11700
9-Jun-05,26.86,27.18,26.78,27.18,4800
8-Jun-05,27.03,27.14,26.86,26.86,7200
7-Jun-05,26.98,27.20,26.92,27.03,13200
6-Jun-05,26.92,27.00,26.85,26.97,3900
3-Jun-05,27.24,27.28,27.00,27.01,28100
2-Jun-05,26.78,27.26,26.78,27.24,10700
1-Jun-05,26.76,26.97,26.65,26.92,15400
31-May-05,26.70,26.97,26.70,26.76,12400
27-May-05,26.31,26.65,26.29,26.62,8400
26-May-05,26.25,26.74,26.16,26.31,34200
25-May-05,26.90,26.90,26.20,26.20,17800
24-May-05,27.20,27.20,26.90,26.99,9400
23-May-05,27.36,27.68,27.25,27.30,22900
20-May-05,26.90,27.33,26.84,27.26,6500
19-May-05,26.50,26.94,26.50,26.90,11100
18-May-05,25.75,26.44,25.73,26.44,18700
17-May-05,25.77,25.81,25.57,25.68,12600
16-May-05,25.60,25.85,25.60,25.78,8600
13-May-05,25.85,26.16,25.65,25.70,11500
12-May-05,26.60,26.60,25.90,25.91,9700
11-May-05,26.50,26.60,26.30,26.55,13100
10-May-05,26.55,26.55,26.40,26.41,21700
9-May-05,26.60,26.68,26.45,26.60,10400
6-May-05,26.50,26.76,26.50,26.60,15800
5-May-05,26.53,26.65,26.01,26.02,7300
4-May-05,26.04,26.75,26.04,26.68,27700
3-May-05,26.01,26.50,26.01,26.19,22200
2-May-05,26.32,26.42,25.55,25.91,19500
29-Apr-05,26.40,26.47,25.67,26.20,38200
28-Apr-05,26.68,26.68,26.40,26.40,20600
27-Apr-05,26.30,26.92,26.05,26.78,12100
26-Apr-05,27.10,27.25,26.20,26.36,20400
25-Apr-05,27.30,27.30,26.94,27.05,11400
22-Apr-05,27.34,27.41,27.07,27.25,17200
21-Apr-05,26.69,27.40,26.68,27.30,15200
20-Apr-05,27.00,27.00,26.59,26.59,23500
19-Apr-05,26.57,27.12,26.57,27.07,17100
18-Apr-05,26.60,26.75,26.34,26.57,15200
15-Apr-05,27.35,27.51,26.60,26.60,14100
14-Apr-05,27.47,27.70,27.30,27.30,13200
13-Apr-05,27.86,28.27,27.42,27.42,13400
12-Apr-05,28.10,28.10,27.29,27.86,21500
11-Apr-05,28.15,28.40,28.10,28.10,16200
8-Apr-05,28.74,28.74,28.02,28.02,8700
7-Apr-05,28.65,28.75,28.46,28.69,6200
6-Apr-05,28.45,28.75,28.45,28.53,18600
5-Apr-05,28.45,28.80,28.33,28.33,15800
4-Apr-05,27.20,29.13,27.20,28.31,41400
1-Apr-05,27.35,27.46,26.25,27.20,78000
31-Mar-05,27.52,27.68,27.15,27.30,31600
30-Mar-05,27.35,27.61,27.35,27.45,26800
29-Mar-05,28.08,28.13,27.25,27.25,13600
28-Mar-05,27.70,28.15,27.63,28.07,18200
24-Mar-05,27.68,27.95,27.62,27.64,19400
23-Mar-05,27.62,27.97,27.62,27.64,23000
22-Mar-05,27.92,27.92,27.62,27.62,13300
21-Mar-05,27.80,28.05,27.80,27.91,8800
18-Mar-05,28.16,28.16,27.77,27.77,48500
17-Mar-05,28.20,28.29,28.10,28.10,11200
16-Mar-05,28.50,28.55,28.19,28.20,13000
15-Mar-05,28.65,28.85,28.50,28.50,14800
14-Mar-05,28.42,28.74,28.40,28.59,9900
11-Mar-05,28.70,28.70,28.31,28.49,11900
10-Mar-05,28.70,29.00,28.69,28.70,15800
9-Mar-05,29.45,29.47,28.64,28.64,47000
8-Mar-05,29.80,29.84,29.51,29.52,28600
7-Mar-05,29.73,30.09,29.68,29.77,9500
4-Mar-05,29.96,30.07,29.73,29.83,19500
3-Mar-05,29.94,29.98,29.60,29.91,17900
2-Mar-05,29.45,30.00,29.45,29.93,30400
1-Mar-05,28.95,29.45,28.66,29.45,24100
28-Feb-05,29.05,29.05,28.55,28.91,20200
25-Feb-05,28.25,29.04,28.18,29.04,20000
24-Feb-05,28.25,28.40,28.00,28.35,14300
23-Feb-05,28.05,28.47,28.05,28.25,61500
22-Feb-05,28.65,28.75,27.70,27.90,81700
18-Feb-05,28.70,28.88,28.52,28.80,17000
17-Feb-05,29.20,29.29,28.62,28.62,17800
16-Feb-05,28.70,29.29,28.61,29.16,21800
15-Feb-05,28.82,29.11,28.55,28.76,19200
14-Feb-05,28.87,29.11,28.71,28.83,27500
11-Feb-05,28.68,29.10,28.50,28.95,22800
10-Feb-05,28.56,28.88,28.56,28.73,20700
9-Feb-05,29.17,29.25,28.48,28.56,41000
8-Feb-05,29.15,29.22,29.00,29.07,8800
7-Feb-05,29.00,29.26,28.95,29.15,19500
4-Feb-05,28.31,28.95,28.31,28.93,14200
3-Feb-05,29.02,29.02,28.11,28.25,15500
2-Feb-05,29.00,29.24,28.94,29.23,20500
1-Feb-05,28.75,29.36,28.75,29.06,21500
31-Jan-05,28.35,29.00,28.21,28.82,27400
28-Jan-05,28.69,28.73,28.23,28.23,15400
27-Jan-05,27.99,28.85,27.90,28.70,32900
26-Jan-05,26.94,27.75,26.93,27.74,23800
25-Jan-05,26.63,26.95,26.63,26.90,11200
24-Jan-05,26.86,27.07,26.57,26.58,15600
21-Jan-05,27.12,27.14,26.77,26.85,15100
20-Jan-05,27.22,27.31,26.94,27.07,29400
19-Jan-05,27.65,27.70,27.27,27.30,29800
18-Jan-05,27.20,27.55,27.12,27.50,22800
14-Jan-05,27.00,27.35,27.00,27.35,20300
13-Jan-05,27.03,27.19,27.01,27.02,22400
12-Jan-05,27.15,27.25,26.70,27.03,28100
11-Jan-05,27.37,27.72,27.25,27.25,34700
10-Jan-05,27.35,27.66,27.25,27.37,20000
7-Jan-05,27.20,27.38,27.00,27.35,44900
6-Jan-05,27.10,27.56,27.08,27.23,33200
5-Jan-05,27.92,27.92,26.95,27.00,44200
4-Jan-05,28.20,28.34,27.90,27.90,25600
3-Jan-05,28.45,28.70,28.01,28.05,27200
31-Dec-04,28.79,28.82,28.37,28.49,17900
30-Dec-04,28.20,28.83,28.20,28.69,19200
29-Dec-04,28.20,28.32,28.15,28.25,5600
28-Dec-04,27.39,28.14,27.39,28.12,10600
27-Dec-04,28.06,28.21,27.30,27.37,17800
23-Dec-04,28.34,28.44,27.97,28.06,26400
22-Dec-04,28.65,28.82,28.30,28.31,13300
21-Dec-04,28.18,28.60,28.18,28.60,16700
20-Dec-04,28.25,28.55,28.00,28.14,15800
17-Dec-04,27.69,28.40,27.69,28.40,26000
16-Dec-04,27.45,27.76,27.24,27.69,34100
15-Dec-04,28.50,28.50,27.90,27.97,38900
14-Dec-04,28.15,28.65,28.15,28.53,26600
13-Dec-04,27.85,29.15,27.80,28.70,36200
10-Dec-04,27.35,27.85,27.35,27.85,13800
9-Dec-04,27.36,27.50,27.00,27.40,15600
8-Dec-04,27.60,27.70,27.28,27.46,24300
7-Dec-04,28.37,28.37,27.55,27.55,18500
6-Dec-04,28.80,28.89,28.31,28.38,36600
3-Dec-04,28.84,28.95,28.72,28.73,20400
2-Dec-04,28.95,29.19,28.78,28.84,17200
1-Dec-04,27.85,29.05,27.85,28.91,36600
30-Nov-04,27.94,27.95,27.71,27.85,13700
29-Nov-04,27.92,28.10,27.69,27.99,22900
26-Nov-04,28.20,28.27,27.95,27.95,10800
24-Nov-04,27.45,28.05,27.45,28.00,14200
23-Nov-04,28.15,28.15,27.33,27.45,31400
22-Nov-04,28.15,28.25,27.89,28.15,23200
19-Nov-04,28.30,28.45,28.14,28.21,16300
18-Nov-04,28.50,28.55,28.16,28.38,12400
17-Nov-04,28.34,28.60,28.31,28.52,45100
16-Nov-04,28.42,28.66,28.29,28.29,33500
15-Nov-04,28.63,28.69,28.35,28.50,18200
12-Nov-04,28.41,28.86,28.41,28.63,22400
11-Nov-04,28.30,28.68,28.30,28.66,21100
10-Nov-04,28.29,28.95,28.24,28.37,24300
9-Nov-04,28.40,28.69,28.36,28.37,25700
8-Nov-04,28.28,28.40,28.28,28.36,24100
5-Nov-04,28.45,28.50,28.10,28.24,34700
4-Nov-04,27.34,28.37,27.29,28.30,46600
3-Nov-04,26.75,27.79,26.75,27.60,30500
2-Nov-04,26.56,27.13,26.40,26.68,20900
1-Nov-04,26.29,26.77,26.00,26.54,43100
29-Oct-04,25.98,26.25,25.65,26.19,28700
28-Oct-04,25.05,25.99,25.05,25.88,57900
27-Oct-04,24.60,25.20,24.59,24.90,45000
26-Oct-04,23.49,24.60,23.21,24.57,44200
25-Oct-04,23.83,24.10,23.53,23.54,36100
22-Oct-04,24.00,24.15,23.75,23.75,13000
21-Oct-04,23.50,24.12,23.46,24.00,20000
20-Oct-04,23.69,23.74,23.25,23.25,13700
19-Oct-04,24.28,24.39,23.74,23.74,12200
18-Oct-04,24.44,24.44,24.19,24.25,22000
15-Oct-04,24.25,24.83,24.25,24.46,19200
14-Oct-04,25.17,25.17,24.34,24.34,10000
13-Oct-04,25.60,25.66,25.15,25.17,37100
12-Oct-04,25.16,25.70,25.12,25.56,11400
11-Oct-04,25.34,25.35,25.20,25.21,2300
8-Oct-04,25.34,25.55,25.34,25.34,9800
7-Oct-04,26.22,26.23,25.34,25.34,25700
6-Oct-04,25.75,26.27,25.75,26.27,16000
5-Oct-04,25.50,25.74,25.39,25.72,15400
4-Oct-04,25.34,25.60,25.34,25.48,20500
1-Oct-04,24.55,25.34,24.55,25.34,38500
30-Sep-04,24.55,24.67,24.40,24.50,20600
29-Sep-04,24.49,24.50,24.17,24.48,16700
28-Sep-04,24.30,24.55,24.30,24.50,15100
27-Sep-04,24.79,24.79,24.20,24.25,18400
24-Sep-04,24.99,25.01,24.80,24.86,14300
23-Sep-04,25.01,25.13,24.99,24.99,13200
22-Sep-04,25.68,25.68,24.90,24.91,16600
21-Sep-04,25.53,25.80,25.45,25.75,23400
20-Sep-04,25.25,25.63,25.20,25.53,17100
17-Sep-04,25.35,25.35,24.90,25.31,23700
16-Sep-04,25.15,25.35,24.97,25.20,13400
15-Sep-04,25.49,25.56,25.01,25.15,13300
14-Sep-04,25.96,25.96,25.51,25.54,7500
13-Sep-04,25.74,25.94,25.51,25.86,8900
10-Sep-04,25.76,25.76,25.35,25.74,29700
9-Sep-04,24.95,25.76,24.95,25.66,20100
8-Sep-04,25.25,25.43,24.88,24.90,9100
7-Sep-04,25.37,25.40,24.84,25.17,22500
3-Sep-04,25.35,25.37,24.97,25.37,16200
2-Sep-04,24.24,25.35,24.24,25.35,11000
1-Sep-04,24.23,24.23,24.00,24.23,31600
31-Aug-04,24.16,24.35,24.13,24.28,9700
30-Aug-04,24.14,24.71,24.06,24.21,19700
27-Aug-04,24.34,24.36,24.00,24.15,12400
26-Aug-04,24.28,24.45,24.25,24.30,16100
25-Aug-04,23.31,24.24,23.31,24.21,15600
24-Aug-04,22.91,23.39,22.91,23.30,44600
23-Aug-04,23.16,23.16,22.77,22.81,35600
20-Aug-04,23.30,23.32,23.10,23.15,55600
19-Aug-04,23.41,23.55,23.05,23.28,94600
18-Aug-04,22.70,23.20,22.65,23.10,35500
17-Aug-04,22.99,23.00,22.79,22.79,14800
16-Aug-04,22.17,22.99,22.17,22.99,15900
13-Aug-04,22.18,22.25,22.06,22.07,9600
12-Aug-04,22.20,22.26,22.15,22.25,15900
11-Aug-04,21.75,22.78,21.73,22.36,21900
10-Aug-04,21.67,22.50,21.67,21.90,17900
9-Aug-04,22.05,22.12,21.55,21.57,26700
6-Aug-04,22.29,22.35,21.88,22.08,29300
5-Aug-04,22.85,22.95,22.30,22.31,17700
4-Aug-04,23.00,23.43,22.81,23.00,20600
3-Aug-04,22.91,23.14,22.75,23.01,27900
2-Aug-04,22.66,23.00,22.66,23.00,17700
30-Jul-04,22.70,22.90,22.70,22.76,15400
29-Jul-04,22.91,22.95,22.65,22.79,14000
28-Jul-04,23.00,23.01,22.77,22.85,23400
27-Jul-04,22.82,22.95,22.63,22.92,23000
26-Jul-04,23.03,23.10,22.82,22.85,28400
23-Jul-04,23.86,23.97,23.01,23.02,23500
22-Jul-04,24.26,24.38,23.85,23.85,15400
21-Jul-04,25.20,25.28,24.21,24.22,26800
20-Jul-04,25.46,25.56,24.70,25.13,15700
19-Jul-04,25.35,25.57,25.18,25.50,20000
16-Jul-04,26.00,26.03,25.20,25.20,31100
15-Jul-04,25.90,25.98,25.90,25.94,4700
14-Jul-04,25.72,26.00,25.65,25.92,16400
13-Jul-04,25.50,25.79,25.43,25.77,9900
12-Jul-04,25.80,25.80,25.51,25.51,10800
9-Jul-04,25.75,25.92,25.68,25.74,9400
8-Jul-04,26.35,26.36,25.65,25.65,18600
7-Jul-04,26.80,26.90,26.33,26.35,15800
6-Jul-04,27.00,27.00,26.73,26.73,18800
2-Jul-04,26.80,27.09,26.80,27.08,5700
1-Jul-04,27.25,27.25,26.81,26.82,20900
30-Jun-04,27.50,27.65,26.79,27.20,50100
29-Jun-04,27.70,28.10,27.37,27.40,44100
28-Jun-04,27.90,28.26,27.77,27.84,37900
25-Jun-04,26.72,27.90,26.66,27.90,42700
24-Jun-04,26.49,26.88,26.39,26.67,8600
23-Jun-04,26.33,26.50,26.17,26.45,16200
22-Jun-04,26.06,26.40,25.81,26.33,15300
21-Jun-04,26.10,26.19,26.00,26.12,11700
18-Jun-04,26.30,26.30,25.91,26.01,36000
17-Jun-04,26.38,26.38,26.15,26.34,14200
16-Jun-04,26.39,26.60,26.24,26.38,16700
15-Jun-04,25.88,26.53,25.88,26.34,17400
14-Jun-04,26.60,26.70,25.81,25.81,30100
10-Jun-04,26.60,26.69,26.46,26.65,16300
9-Jun-04,27.55,27.67,26.45,26.45,28400
8-Jun-04,26.38,27.70,26.30,27.50,32900
7-Jun-04,25.52,26.38,25.50,26.38,17800
4-Jun-04,25.78,25.85,25.41,25.42,18500
3-Jun-04,26.37,26.37,25.59,25.63,17200
2-Jun-04,26.35,26.69,26.33,26.47,5900
1-Jun-04,25.87,26.42,25.87,26.25,12600
28-May-04,26.13,26.25,25.90,25.92,11300
27-May-04,26.23,26.23,26.23,26.23,0
26-May-04,27.10,27.19,26.60,26.69,11000
25-May-04,26.05,27.07,26.05,27.07,24600
24-May-04,26.61,26.95,26.10,26.15,25200
21-May-04,25.93,26.51,25.83,26.51,17800
20-May-04,25.83,25.83,25.83,25.83,0
19-May-04,25.34,25.50,25.30,25.31,19000
18-May-04,24.75,25.14,24.50,25.14,7900
17-May-04,24.54,24.90,24.01,24.69,18400
14-May-04,25.10,25.10,24.34,24.37,11700
13-May-04,25.14,25.14,25.14,25.14,0
12-May-04,25.49,25.49,24.54,25.40,18900
11-May-04,25.27,25.41,25.23,25.30,9900
10-May-04,25.88,25.88,25.07,25.07,16300
7-May-04,26.09,26.30,25.91,25.95,25800
6-May-04,26.08,26.08,26.08,26.08,0
5-May-04,27.10,27.40,27.00,27.25,7100
4-May-04,26.62,27.25,26.62,27.02,10100
3-May-04,26.91,27.05,26.62,26.62,10900
30-Apr-04,26.99,27.20,26.88,26.90,42100
29-Apr-04,26.97,26.97,26.97,26.97,0
28-Apr-04,28.15,28.23,27.62,27.62,19100
27-Apr-04,27.03,28.28,27.03,28.15,29100
26-Apr-04,27.00,27.20,26.95,26.97,14300
23-Apr-04,27.40,27.49,27.00,27.03,8100
22-Apr-04,27.40,27.40,27.40,27.40,0
21-Apr-04,26.60,26.81,26.60,26.74,11900
20-Apr-04,27.20,27.49,26.58,26.58,13000
19-Apr-04,27.16,27.25,27.00,27.15,6900
16-Apr-04,26.50,27.25,26.41,27.16,13700
15-Apr-04,26.40,26.40,26.40,26.40,0
14-Apr-04,26.80,27.10,26.25,26.26,9400
13-Apr-04,27.35,27.37,27.00,27.00,30500
12-Apr-04,27.10,27.39,27.00,27.33,16800
8-Apr-04,27.03,27.03,27.03,27.03,0
7-Apr-04,26.25,26.25,25.93,26.21,22600
6-Apr-04,27.04,27.06,26.20,26.20,25800
5-Apr-04,27.44,27.50,27.02,27.04,28700
2-Apr-04,27.47,27.79,27.33,27.44,23100
1-Apr-04,27.32,27.32,27.32,27.32,0
31-Mar-04,26.90,27.02,26.75,27.00,13800
30-Mar-04,27.21,27.40,26.78,26.82,13200
29-Mar-04,26.76,27.47,26.76,27.21,29600
26-Mar-04,27.00,27.12,26.58,26.66,6600
25-Mar-04,26.96,26.96,26.96,26.96,0
24-Mar-04,27.05,27.13,26.77,26.90,9800
23-Mar-04,26.98,27.29,26.95,27.00,14900
22-Mar-04,26.06,27.48,26.02,26.93,36800
19-Mar-04,26.78,26.81,26.11,26.11,17300
18-Mar-04,26.67,26.67,26.67,26.67,0
17-Mar-04,27.42,27.85,27.33,27.43,21700
16-Mar-04,27.79,28.00,27.35,27.35,27500
15-Mar-04,29.60,29.66,27.73,27.80,26100
12-Mar-04,28.50,29.55,28.41,29.55,15400
11-Mar-04,28.55,28.55,28.55,28.55,0
10-Mar-04,29.23,29.75,28.55,28.55,12500
9-Mar-04,29.74,29.95,29.17,29.31,17100
8-Mar-04,29.68,29.91,29.58,29.79,12300
5-Mar-04,29.45,29.94,29.37,29.63,19700
4-Mar-04,29.45,29.45,29.45,29.45,0
3-Mar-04,28.76,28.99,28.08,28.95,26200
2-Mar-04,29.28,29.28,28.40,28.81,28800
1-Mar-04,27.23,29.50,27.10,29.36,22500
27-Feb-04,26.85,27.39,26.78,27.21,8100
26-Feb-04,26.90,26.90,26.90,26.90,0
25-Feb-04,26.36,26.38,26.05,26.28,9200
24-Feb-04,25.80,26.50,25.80,26.44,20600
23-Feb-04,27.13,27.13,25.75,25.75,25400
20-Feb-04,27.04,27.21,26.90,27.07,15000
19-Feb-04,27.16,27.16,27.16,27.16,0
18-Feb-04,28.10,28.15,27.70,27.77,9400
17-Feb-04,27.25,28.05,27.25,28.05,11800
13-Feb-04,28.25,28.27,27.14,27.15,21100
12-Feb-04,28.19,28.19,28.19,28.19,0
11-Feb-04,28.10,28.52,28.02,28.51,7300
10-Feb-04,27.56,28.10,27.30,28.10,25400
9-Feb-04,27.69,27.69,27.50,27.55,9000
6-Feb-04,27.82,27.86,27.50,27.69,30700
5-Feb-04,27.81,27.81,27.81,27.81,0
4-Feb-04,28.95,28.95,28.05,28.05,20800
3-Feb-04,28.83,28.95,28.67,28.95,8400
2-Feb-04,28.80,29.00,28.72,28.83,24000
30-Jan-04,29.14,29.20,29.00,29.07,15000
29-Jan-04,29.14,29.14,29.14,29.14,0
28-Jan-04,29.23,29.81,29.22,29.50,24400
27-Jan-04,29.38,29.46,29.11,29.39,46800
26-Jan-04,29.00,29.25,28.66,29.25,28600
23-Jan-04,29.00,29.00,28.70,28.89,31300
22-Jan-04,28.88,28.88,28.88,28.88,0
21-Jan-04,29.16,29.16,28.29,28.30,43100
20-Jan-04,29.15,29.29,29.04,29.26,23800
16-Jan-04,29.63,29.63,29.15,29.15,22000
15-Jan-04,29.50,29.60,29.39,29.48,18200
14-Jan-04,29.10,29.49,29.10,29.49,14600
13-Jan-04,28.73,29.10,28.66,29.10,15500
12-Jan-04,28.21,28.68,28.21,28.68,14200
9-Jan-04,28.27,28.46,28.12,28.16,15400
8-Jan-04,28.22,28.22,28.22,28.22,0
7-Jan-04,28.17,28.29,27.69,28.01,13000
6-Jan-04,28.10,28.33,28.06,28.12,11600
5-Jan-04,27.48,28.16,27.48,28.05,18200
2-Jan-04,28.10,28.45,27.50,27.67,25400
31-Dec-03,28.98,28.98,28.00,28.00,15900
30-Dec-03,29.00,29.00,29.00,29.00,0
29-Dec-03,27.99,29.28,27.99,29.26,19300
26-Dec-03,27.95,28.15,27.85,28.10,5600
24-Dec-03,28.26,28.38,28.05,28.05,5600
23-Dec-03,27.46,28.26,27.46,28.26,21700
22-Dec-03,27.35,27.50,27.30,27.48,8600
19-Dec-03,27.71,27.71,27.21,27.35,20600
18-Dec-03,27.70,27.70,27.70,27.70,0
17-Dec-03,28.20,28.48,28.10,28.42,11000
16-Dec-03,27.74,28.15,27.70,28.15,9500
15-Dec-03,27.52,28.19,27.52,27.74,23000
12-Dec-03,27.79,28.00,27.79,28.00,10700
11-Dec-03,27.79,27.79,27.79,27.79,0
10-Dec-03,26.80,27.09,26.52,26.60,13700
9-Dec-03,27.55,27.62,27.03,27.11,11600
8-Dec-03,27.02,27.52,26.98,27.51,9100
5-Dec-03,27.25,27.35,26.95,26.96,8900
4-Dec-03,27.18,27.18,27.18,27.18,0
3-Dec-03,27.84,28.50,27.67,27.67,11300
2-Dec-03,28.15,28.25,27.73,27.74,11900
1-Dec-03,27.34,28.12,27.34,28.12,14800
28-Nov-03,27.38,27.43,27.25,27.27,2100
26-Nov-03,27.47,27.64,27.09,27.43,7800
25-Nov-03,27.05,27.58,26.99,27.41,15900
24-Nov-03,27.00,27.00,27.00,27.00,0
21-Nov-03,26.50,26.58,26.25,26.46,7300
20-Nov-03,26.46,26.46,26.46,26.46,0
19-Nov-03,26.00,26.40,25.71,26.40,10400
18-Nov-03,26.60,26.70,26.00,26.00,11600
17-Nov-03,26.55,26.70,26.30,26.60,15400
14-Nov-03,26.52,26.59,26.38,26.50,10600
13-Nov-03,26.47,26.47,26.47,26.47,0
12-Nov-03,26.07,26.26,26.05,26.25,10000
11-Nov-03,26.40,26.40,25.95,26.00,5500
10-Nov-03,26.80,26.80,26.21,26.21,8400
7-Nov-03,26.85,26.93,26.70,26.75,7900
6-Nov-03,26.81,26.81,26.81,26.81,0
5-Nov-03,26.43,26.93,26.33,26.85,8400
4-Nov-03,26.52,26.85,26.23,26.39,15111
3-Nov-03,25.41,26.52,25.41,26.52,29200
31-Oct-03,25.74,25.86,25.44,25.45,10700
30-Oct-03,25.79,25.79,25.79,25.79,0
29-Oct-03,25.75,25.93,25.69,25.72,9400
28-Oct-03,25.48,25.69,25.30,25.65,11300
27-Oct-03,25.25,25.48,25.18,25.48,7700
24-Oct-03,24.60,25.27,24.51,25.24,20000
23-Oct-03,24.70,24.95,24.54,24.70,14500
22-Oct-03,24.75,24.75,24.75,24.75,0
21-Oct-03,25.35,25.59,25.25,25.37,8000
20-Oct-03,25.49,25.67,25.25,25.30,8400
17-Oct-03,26.38,26.44,25.48,25.53,17700
16-Oct-03,26.31,26.31,26.31,26.31,0
15-Oct-03,26.24,26.40,26.12,26.36,14100
14-Oct-03,26.10,26.40,26.10,26.30,19400
13-Oct-03,25.90,26.15,25.90,26.06,13500
10-Oct-03,25.86,25.86,25.55,25.81,20200
9-Oct-03,25.87,25.87,25.87,25.87,0
8-Oct-03,24.60,26.54,24.60,26.40,75900
7-Oct-03,24.35,24.50,24.26,24.50,16000
6-Oct-03,24.30,24.40,24.16,24.40,9100
3-Oct-03,24.25,24.55,24.25,24.45,18900
2-Oct-03,24.30,24.30,24.30,24.30,0
1-Oct-03,24.35,24.50,24.35,24.46,14800
30-Sep-03,24.35,24.40,24.00,24.30,31700
29-Sep-03,23.90,24.37,23.90,24.16,23500
26-Sep-03,23.95,24.00,23.77,23.85,21300
25-Sep-03,23.87,23.87,23.87,23.87,0
24-Sep-03,24.36,24.39,24.10,24.10,18500
23-Sep-03,23.92,24.40,23.92,24.30,16400
22-Sep-03,24.00,24.00,23.81,23.90,24700
19-Sep-03,24.37,24.45,24.34,24.35,7000
18-Sep-03,24.44,24.44,24.44,24.44,0
17-Sep-03,24.45,24.48,24.20,24.20,5000
16-Sep-03,24.10,24.50,24.10,24.49,10100
15-Sep-03,24.15,24.32,24.05,24.05,98300
12-Sep-03,24.12,24.35,24.00,24.09,12800
11-Sep-03,24.00,24.17,23.95,24.17,7000
10-Sep-03,24.12,24.22,23.82,24.05,10700
9-Sep-03,24.25,24.34,24.09,24.17,5300
8-Sep-03,23.95,24.50,23.95,24.30,12000
5-Sep-03,24.05,24.45,23.95,24.00,7100
4-Sep-03,24.15,24.20,24.04,24.07,9300
3-Sep-03,24.00,24.10,23.82,24.10,18100
2-Sep-03,23.00,23.90,22.90,23.90,22800
29-Aug-03,23.17,23.26,22.90,22.90,6200
28-Aug-03,23.00,23.26,22.95,23.22,12000
27-Aug-03,22.20,22.94,22.20,22.90,12500
26-Aug-03,22.28,22.28,21.73,22.15,5900
25-Aug-03,22.45,22.45,22.26,22.32,3600
22-Aug-03,23.47,23.67,22.49,22.50,13500
21-Aug-03,23.25,23.39,23.23,23.38,6200
20-Aug-03,23.47,23.47,23.10,23.25,9600
19-Aug-03,23.08,23.60,23.08,23.59,21900
18-Aug-03,22.90,23.07,22.80,23.00,14100
15-Aug-03,22.55,23.00,22.55,22.75,5100
14-Aug-03,22.45,22.50,22.20,22.50,8100
13-Aug-03,22.05,22.20,21.75,22.20,10000
12-Aug-03,21.85,22.05,21.71,21.95,8600
11-Aug-03,21.75,21.81,21.60,21.80,4400
8-Aug-03,21.95,21.95,21.65,21.65,11300
7-Aug-03,21.87,22.08,21.79,21.90,43300
6-Aug-03,22.00,22.16,21.90,22.08,10000
5-Aug-03,21.97,22.20,21.97,22.00,15800
4-Aug-03,21.75,22.14,21.70,21.96,13600
1-Aug-03,22.45,22.46,21.74,21.74,8700
31-Jul-03,22.35,22.56,22.35,22.42,8400
30-Jul-03,22.00,22.30,21.80,22.30,11000
29-Jul-03,22.06,22.18,21.78,21.93,11200
28-Jul-03,22.10,22.35,22.05,22.11,7400
25-Jul-03,21.90,22.23,21.86,22.16,5500
24-Jul-03,22.16,22.36,21.75,21.82,14100
23-Jul-03,22.15,22.22,21.97,22.06,7400
22-Jul-03,21.75,22.09,21.70,22.09,6100
21-Jul-03,22.17,22.17,21.78,21.79,7500
18-Jul-03,22.19,22.22,22.01,22.22,5700
17-Jul-03,22.34,22.34,22.01,22.10,10400
16-Jul-03,22.24,22.47,22.24,22.39,40100
15-Jul-03,22.51,22.60,22.10,22.34,12300
14-Jul-03,22.81,22.90,22.46,22.46,7800
11-Jul-03,22.82,22.89,22.50,22.76,10800
10-Jul-03,22.95,23.16,22.74,22.75,11500
9-Jul-03,22.54,23.00,22.44,23.00,19700
8-Jul-03,22.00,22.58,21.86,22.57,45100
7-Jul-03,21.52,21.80,21.52,21.80,17800
3-Jul-03,21.55,21.69,21.52,21.52,2200
2-Jul-03,21.16,21.70,21.16,21.60,17200
1-Jul-03,21.00,21.18,20.98,21.15,14900
30-Jun-03,21.10,21.20,21.00,21.00,32400
27-Jun-03,20.95,21.30,20.95,21.05,10500
26-Jun-03,20.88,21.03,0.01,21.00,9200
25-Jun-03,21.00,21.00,20.84,20.84,6800
24-Jun-03,21.10,21.30,20.94,21.05,10800
23-Jun-03,21.00,21.14,20.86,21.00,25600
20-Jun-03,20.97,21.11,20.97,21.00,20200
19-Jun-03,20.46,21.10,20.46,21.01,47100
18-Jun-03,20.95,21.66,20.80,21.41,13800
17-Jun-03,21.15,21.24,20.93,21.00,6000
16-Jun-03,20.73,21.00,20.65,21.00,15300
13-Jun-03,21.16,21.25,20.71,20.71,8600
12-Jun-03,21.29,21.29,21.05,21.06,9500
11-Jun-03,21.23,21.30,21.16,21.29,9400
10-Jun-03,20.75,21.29,20.75,21.29,5200
9-Jun-03,20.93,20.99,20.74,20.75,8400
6-Jun-03,20.65,21.00,20.65,20.88,7600
5-Jun-03,20.45,20.70,20.45,20.60,12200
4-Jun-03,20.55,20.60,20.36,20.42,30700
3-Jun-03,20.60,20.60,20.50,20.55,6400
2-Jun-03,20.55,20.81,20.55,20.65,10200
30-May-03,20.65,20.90,20.49,20.50,9000
29-May-03,20.40,20.70,20.38,20.60,10800
28-May-03,20.62,20.80,20.35,20.35,17600
27-May-03,20.21,20.64,20.21,20.58,5900
23-May-03,20.16,20.31,20.02,20.16,6200
22-May-03,20.48,20.48,20.00,20.12,16300
21-May-03,20.18,20.48,20.17,20.48,4700
20-May-03,19.98,20.17,19.98,20.17,7300
19-May-03,19.85,20.09,19.85,19.95,8300
16-May-03,20.90,20.94,20.05,20.05,22000
15-May-03,21.40,21.40,20.95,21.00,23700
14-May-03,21.41,21.60,21.30,21.34,23900
13-May-03,21.45,21.45,21.25,21.41,5900
12-May-03,21.50,21.58,21.41,21.51,5400
9-May-03,21.35,21.45,21.28,21.45,12500
8-May-03,21.64,21.64,21.28,21.28,3400
7-May-03,22.29,22.32,21.97,21.97,6200
6-May-03,22.08,22.29,22.08,22.29,9900
5-May-03,22.00,22.00,21.80,22.00,8500
2-May-03,21.63,22.00,21.63,21.89,24900
1-May-03,21.20,21.58,21.15,21.58,9600
30-Apr-03,20.65,21.11,20.65,21.11,6000
29-Apr-03,21.27,21.27,20.65,20.65,7900
28-Apr-03,20.01,21.23,20.01,21.23,22600
25-Apr-03,20.58,20.58,20.03,20.03,3600
24-Apr-03,20.85,20.90,20.52,20.52,8300
23-Apr-03,21.13,21.19,20.86,20.90,6100
22-Apr-03,20.79,21.25,20.79,21.20,11300
21-Apr-03,20.80,20.84,20.71,20.84,2800
17-Apr-03,19.98,20.75,19.98,20.75,10600
16-Apr-03,20.18,20.18,19.90,19.90,8200
15-Apr-03,20.05,20.15,20.03,20.13,1700
14-Apr-03,19.92,20.05,19.92,20.05,3800
11-Apr-03,20.11,20.11,19.94,19.95,6400
10-Apr-03,20.01,20.10,19.91,20.06,5100
9-Apr-03,20.04,20.28,19.99,20.07,15000
8-Apr-03,20.00,20.10,19.86,19.99,5000
7-Apr-03,20.00,20.14,19.95,19.96,10400
4-Apr-03,19.71,20.06,19.71,19.98,46100
3-Apr-03,20.03,20.03,19.60,19.66,4400
2-Apr-03,19.75,19.99,19.75,19.99,8200
1-Apr-03,19.13,19.79,19.07,19.75,11500
31-Mar-03,19.36,19.41,19.05,19.05,10900
28-Mar-03,19.20,19.63,19.20,19.51,3900
27-Mar-03,19.10,19.16,18.75,19.16,9600
26-Mar-03,19.85,19.85,18.95,19.10,13800
25-Mar-03,20.00,20.07,19.90,19.90,7400
24-Mar-03,19.97,20.02,19.92,19.95,15800
21-Mar-03,20.00,20.00,19.60,19.96,19000
20-Mar-03,20.05,20.14,19.92,20.10,11100
19-Mar-03,19.90,20.15,19.74,20.15,16400
18-Mar-03,20.25,20.25,19.90,19.96,11400
17-Mar-03,19.85,20.85,19.85,20.35,32300
14-Mar-03,19.56,20.06,19.54,19.93,15100
13-Mar-03,18.80,19.57,18.70,19.51,27800
12-Mar-03,18.95,19.06,18.71,18.75,9700
11-Mar-03,19.01,19.09,18.78,19.05,20200
10-Mar-03,19.25,19.25,19.00,19.00,5500
7-Mar-03,19.38,19.38,19.07,19.20,3800
6-Mar-03,19.55,19.60,19.37,19.48,12900
5-Mar-03,19.60,19.69,19.55,19.59,6600
4-Mar-03,19.70,19.70,19.48,19.55,34800
3-Mar-03,19.25,19.72,19.25,19.72,11300
28-Feb-03,19.45,19.45,19.02,19.10,7200
27-Feb-03,19.45,19.60,19.36,19.50,5900
26-Feb-03,19.48,19.60,19.31,19.41,5600
25-Feb-03,19.00,19.41,18.80,19.41,8600
24-Feb-03,19.52,19.65,19.00,19.02,12700
21-Feb-03,19.55,19.68,19.28,19.65,7700
20-Feb-03,19.95,19.95,19.52,19.58,3400
19-Feb-03,20.11,20.20,19.80,19.90,5100
18-Feb-03,19.68,20.16,19.68,20.15,8700
14-Feb-03,19.49,19.85,19.47,19.65,22800
13-Feb-03,19.60,19.60,19.40,19.47,12100
12-Feb-03,19.58,19.90,19.58,19.65,9800
11-Feb-03,20.45,20.45,19.30,19.57,16400
10-Feb-03,19.82,20.71,19.82,20.50,13400
7-Feb-03,20.79,20.79,19.78,19.78,19900
6-Feb-03,21.20,21.34,20.90,20.99,4300
5-Feb-03,21.40,22.09,21.35,21.41,13000
4-Feb-03,21.60,21.63,21.22,21.35,3800
3-Feb-03,21.63,21.95,21.50,21.67,4700
31-Jan-03,20.85,21.72,20.81,21.66,11900
30-Jan-03,21.30,21.37,20.90,20.90,11300
29-Jan-03,21.07,21.25,20.78,21.25,9400
28-Jan-03,20.80,21.43,20.75,21.17,14400
27-Jan-03,21.27,21.27,20.60,20.75,19000
24-Jan-03,22.15,22.15,21.40,21.40,8500
23-Jan-03,21.25,22.10,20.98,22.10,19000
22-Jan-03,21.75,21.75,21.20,21.25,5900
21-Jan-03,22.02,22.15,21.65,21.68,7400
17-Jan-03,22.76,22.76,21.93,22.00,21600
16-Jan-03,22.25,22.83,22.23,22.77,8900
15-Jan-03,21.35,22.25,21.02,22.25,28400
14-Jan-03,20.65,21.29,20.55,21.29,16400
13-Jan-03,21.00,21.15,20.27,20.60,76100
10-Jan-03,22.30,22.63,22.30,22.45,6400
9-Jan-03,22.94,23.28,22.30,22.31,18300
8-Jan-03,23.41,23.46,22.88,22.88,12100
7-Jan-03,23.79,23.79,23.33,23.45,10300
6-Jan-03,23.50,24.00,23.50,23.74,7100
3-Jan-03,23.77,23.86,23.45,23.45,7900
2-Jan-03,23.76,23.78,23.61,23.74,4000
31-Dec-02,23.17,24.17,23.17,23.84,23900
30-Dec-02,22.77,23.40,22.77,23.04,20700
27-Dec-02,23.00,23.32,22.85,22.87,33000
26-Dec-02,23.30,23.47,23.01,23.13,9400
24-Dec-02,23.04,23.28,23.04,23.28,2000
23-Dec-02,22.98,23.85,22.75,22.95,20400
20-Dec-02,23.30,23.46,22.99,23.02,21200
19-Dec-02,23.32,23.36,23.00,23.20,10600
18-Dec-02,24.00,24.06,23.00,23.30,10000
17-Dec-02,24.00,24.36,24.00,24.08,8900
16-Dec-02,23.84,24.30,23.75,24.24,17200
13-Dec-02,24.00,24.22,23.92,23.92,6200
12-Dec-02,23.72,24.28,23.72,24.15,15900
11-Dec-02,23.45,23.86,23.45,23.70,4500
10-Dec-02,23.50,23.58,23.28,23.35,18500
9-Dec-02,23.64,23.81,23.40,23.45,12100
6-Dec-02,23.05,23.65,23.01,23.65,9000
5-Dec-02,23.36,23.36,23.01,23.05,3200
4-Dec-02,23.28,23.59,23.28,23.40,4400
3-Dec-02,23.50,23.60,23.30,23.38,3800
2-Dec-02,23.21,23.59,23.19,23.59,7500
29-Nov-02,23.66,23.66,23.05,23.15,12000
27-Nov-02,23.30,23.70,22.95,23.56,14500
26-Nov-02,23.43,23.45,22.90,23.25,8900
25-Nov-02,22.95,23.35,22.95,23.35,11600
22-Nov-02,23.10,23.21,23.06,23.20,6400
21-Nov-02,22.18,23.05,22.15,23.04,14300
20-Nov-02,21.73,22.02,21.69,22.02,9900
19-Nov-02,21.80,22.09,21.70,21.70,16700
18-Nov-02,22.51,22.64,21.85,21.85,12000
15-Nov-02,22.18,22.61,22.18,22.45,5900
14-Nov-02,21.95,22.25,21.60,22.20,10100
13-Nov-02,21.96,22.18,21.73,21.95,7500
12-Nov-02,22.03,22.40,22.00,22.05,7100
11-Nov-02,22.15,22.25,21.90,21.93,9800
8-Nov-02,22.67,22.85,21.90,22.00,9100
7-Nov-02,23.10,23.18,22.66,22.70,4400
6-Nov-02,23.00,23.40,22.95,23.40,14100
5-Nov-02,23.10,23.10,23.00,23.09,3200
4-Nov-02,22.90,23.33,22.77,23.15,20000
1-Nov-02,21.23,22.90,21.17,22.90,13800
31-Oct-02,20.85,21.20,20.85,21.15,17500
30-Oct-02,20.55,20.87,20.49,20.85,9600
29-Oct-02,19.97,20.49,19.73,20.49,8900
28-Oct-02,20.14,20.44,20.00,20.07,11000
25-Oct-02,19.65,20.06,19.65,20.05,10100
24-Oct-02,19.69,19.79,19.46,19.60,12500
23-Oct-02,19.51,19.75,19.31,19.69,13600
22-Oct-02,19.68,19.68,19.32,19.46,5200
21-Oct-02,19.20,19.68,19.10,19.68,9000
18-Oct-02,19.30,19.31,18.80,19.21,19600
17-Oct-02,19.00,19.40,18.87,19.25,24200
16-Oct-02,19.70,19.72,18.90,18.94,32700
15-Oct-02,19.25,19.70,19.21,19.69,63200
14-Oct-02,19.40,19.40,19.00,19.25,10600
11-Oct-02,19.60,20.36,19.35,19.40,15000
10-Oct-02,19.30,19.48,19.04,19.38,17300
9-Oct-02,20.10,20.10,19.29,19.32,14400
8-Oct-02,20.10,20.24,20.03,20.17,6800
7-Oct-02,20.49,20.49,20.15,20.16,7700
4-Oct-02,20.96,20.96,20.41,20.55,6900
3-Oct-02,21.25,21.48,20.90,20.90,5800
2-Oct-02,21.15,21.28,21.08,21.15,8400
1-Oct-02,20.24,21.25,20.07,21.25,9000
30-Sep-02,20.53,20.55,19.80,20.28,14900
27-Sep-02,21.59,21.59,20.60,20.60,16500
26-Sep-02,20.40,21.60,20.40,21.60,10100
25-Sep-02,20.08,20.34,19.78,20.34,19300
24-Sep-02,19.61,20.18,19.60,20.06,6500
23-Sep-02,19.93,20.00,19.64,19.74,8000
20-Sep-02,20.00,20.10,19.80,19.92,16700
19-Sep-02,20.50,20.70,19.75,19.80,11400
18-Sep-02,19.86,20.41,19.86,20.38,8100
17-Sep-02,20.32,20.32,19.90,19.90,15900
16-Sep-02,20.01,20.35,20.01,20.25,3800
13-Sep-02,19.97,20.10,19.90,20.01,10100
12-Sep-02,20.60,20.60,20.00,20.00,5800
11-Sep-02,20.75,20.76,20.50,20.51,6800
10-Sep-02,20.74,20.75,20.24,20.48,21000
9-Sep-02,21.02,21.02,20.56,20.64,9300
6-Sep-02,20.65,21.10,20.50,21.02,8100
5-Sep-02,21.05,21.05,20.58,20.58,9700
4-Sep-02,20.50,21.05,20.29,21.05,19200
3-Sep-02,21.35,21.35,20.60,20.60,9900
30-Aug-02,21.60,21.68,21.40,21.40,6600
29-Aug-02,21.45,21.68,21.26,21.53,3900
28-Aug-02,21.40,21.49,21.32,21.37,5000
27-Aug-02,22.05,22.12,21.35,21.35,10100
26-Aug-02,21.70,22.18,21.60,21.95,10700
23-Aug-02,22.40,22.40,21.70,21.70,17200
22-Aug-02,22.70,22.70,22.45,22.45,12700
21-Aug-02,22.37,22.70,22.30,22.70,13800
20-Aug-02,22.42,22.62,22.31,22.35,9700
19-Aug-02,22.41,22.76,22.39,22.47,10700
16-Aug-02,22.20,22.40,22.20,22.31,5700
15-Aug-02,22.30,22.35,22.10,22.20,12200
14-Aug-02,22.02,22.30,21.80,22.30,7300
13-Aug-02,21.95,22.32,21.95,22.10,6700
12-Aug-02,22.10,22.10,21.90,22.02,2800
9-Aug-02,21.80,22.16,21.80,22.15,6400
8-Aug-02,21.49,21.80,21.49,21.80,6800
7-Aug-02,21.12,21.60,21.10,21.60,5800
6-Aug-02,20.45,21.00,20.45,21.00,10100
5-Aug-02,21.41,21.52,20.36,20.36,13900
2-Aug-02,21.40,21.56,21.10,21.41,13900
1-Aug-02,21.06,21.32,21.06,21.32,5200
31-Jul-02,21.65,21.72,20.96,20.96,11800
30-Jul-02,21.60,21.79,21.10,21.60,11700
29-Jul-02,20.10,21.58,20.10,21.51,15300
26-Jul-02,19.97,19.99,19.88,19.98,8800
25-Jul-02,19.99,19.99,19.55,19.95,14400
24-Jul-02,19.70,20.01,19.35,20.00,17300
23-Jul-02,20.55,20.55,19.70,19.76,15000
22-Jul-02,21.00,21.00,20.63,20.65,13800
19-Jul-02,21.15,21.35,21.10,21.17,10100
18-Jul-02,21.92,22.15,21.30,21.30,7600
17-Jul-02,21.90,22.01,21.54,21.85,12900
16-Jul-02,21.92,22.02,21.75,21.80,4600
15-Jul-02,22.55,22.55,21.60,22.00,16000
12-Jul-02,23.15,23.35,22.50,22.50,13800
11-Jul-02,23.55,23.55,23.14,23.20,7900
10-Jul-02,24.30,24.30,23.80,23.80,8000
9-Jul-02,24.30,24.55,24.30,24.40,10800
8-Jul-02,24.40,24.61,24.30,24.31,8000
5-Jul-02,23.65,24.40,23.65,24.40,3000
3-Jul-02,23.90,23.90,23.35,23.65,5700
2-Jul-02,24.33,24.40,23.86,23.86,11800
1-Jul-02,25.00,25.00,24.26,24.29,31900
28-Jun-02,24.95,25.10,24.75,25.10,73200
27-Jun-02,24.84,25.00,24.82,24.95,20600
26-Jun-02,24.80,24.99,24.20,24.91,10500
25-Jun-02,24.95,25.00,24.79,24.88,16400
24-Jun-02,25.25,25.25,24.85,24.95,24200
21-Jun-02,25.00,25.00,24.80,25.00,28500
20-Jun-02,25.40,25.40,24.82,24.87,29100
19-Jun-02,25.67,26.00,25.35,25.50,13800
18-Jun-02,25.45,25.70,25.45,25.63,5300
17-Jun-02,24.85,25.55,24.85,25.55,7900
14-Jun-02,25.00,25.00,24.60,24.60,9600
13-Jun-02,25.16,25.23,25.00,25.00,10600
12-Jun-02,25.03,25.14,24.99,25.12,53100
11-Jun-02,25.16,25.21,25.00,25.00,3800
10-Jun-02,25.23,25.52,25.11,25.11,9600
7-Jun-02,25.01,25.29,24.90,25.29,9700
6-Jun-02,25.28,25.28,25.00,25.00,15800
5-Jun-02,25.22,25.50,25.10,25.24,32700
4-Jun-02,25.26,25.26,24.90,25.14,13700
3-Jun-02,25.94,25.94,25.20,25.21,8600
31-May-02,25.59,26.14,25.59,25.84,12700
30-May-02,25.55,25.60,25.45,25.59,7100
29-May-02,26.30,26.33,25.60,25.75,8200
28-May-02,26.17,26.25,25.75,26.25,10600
24-May-02,26.51,26.51,26.12,26.12,7800
23-May-02,26.36,26.36,26.00,26.32,7200
22-May-02,25.75,26.30,25.75,26.16,18000
21-May-02,27.20,27.20,25.45,25.63,37500
20-May-02,27.75,27.75,27.10,27.10,14800
17-May-02,27.19,27.59,27.19,27.43,15400
16-May-02,27.83,27.85,27.17,27.31,11200
15-May-02,27.80,27.86,27.75,27.85,5300
14-May-02,26.95,27.80,26.81,27.80,18100
13-May-02,26.65,27.05,26.52,26.95,7400
10-May-02,27.06,27.06,26.50,26.60,21000
9-May-02,27.81,27.81,27.05,27.05,10200
8-May-02,27.63,28.00,27.60,27.89,18200
7-May-02,27.25,27.66,27.25,27.63,23800
6-May-02,27.72,27.78,27.15,27.20,14000
3-May-02,26.60,27.75,26.60,27.65,33700
2-May-02,25.85,26.55,25.85,26.55,9000
1-May-02,25.92,26.19,25.65,26.00,94300
30-Apr-02,25.40,25.97,25.35,25.92,49600
29-Apr-02,25.60,25.60,25.37,25.45,10600
26-Apr-02,25.50,25.60,25.50,25.53,4100
25-Apr-02,25.16,25.59,25.00,25.57,9000
24-Apr-02,25.35,25.66,25.23,25.25,12800
23-Apr-02,25.20,25.40,25.20,25.30,4600
22-Apr-02,25.71,25.71,25.00,25.17,32200
19-Apr-02,25.85,25.85,25.70,25.71,4800
18-Apr-02,25.85,25.85,25.65,25.84,7200
17-Apr-02,25.80,25.85,25.76,25.76,17300
16-Apr-02,25.25,25.85,25.25,25.85,22500
15-Apr-02,25.78,25.84,25.30,25.35,14800
12-Apr-02,25.25,25.85,25.12,25.85,59400
11-Apr-02,24.84,25.21,24.84,25.20,11200
10-Apr-02,24.44,24.84,24.22,24.84,38000
9-Apr-02,24.10,24.49,24.05,24.41,31300
8-Apr-02,24.00,24.15,23.95,24.10,38800
5-Apr-02,24.41,24.42,24.00,24.00,17700
4-Apr-02,24.16,24.33,24.16,24.33,1000
3-Apr-02,24.08,24.23,24.04,24.10,6100
2-Apr-02,24.02,24.20,24.02,24.02,3800
1-Apr-02,24.42,24.42,24.02,24.02,9200
28-Mar-02,24.72,24.75,24.30,24.42,50000
27-Mar-02,24.70,24.75,24.53,24.75,4700
26-Mar-02,24.34,24.70,24.28,24.70,39900
25-Mar-02,24.50,24.63,24.20,24.49,59400
22-Mar-02,24.40,24.90,24.40,24.51,16500
21-Mar-02,24.31,24.49,24.26,24.49,9800
20-Mar-02,23.99,24.25,23.85,24.25,74800
19-Mar-02,23.46,24.00,23.43,24.00,32800
18-Mar-02,23.21,23.41,23.18,23.41,7100
15-Mar-02,23.25,23.70,23.25,23.46,23900
14-Mar-02,23.50,23.50,23.41,23.50,28200
13-Mar-02,23.31,23.45,23.30,23.45,7700
12-Mar-02,23.50,23.50,23.25,23.31,20200
11-Mar-02,23.00,23.50,22.95,23.50,38000
8-Mar-02,22.25,23.14,22.15,23.14,60600
7-Mar-02,22.00,22.06,21.91,22.05,39700
6-Mar-02,21.85,22.00,21.85,22.00,24200
5-Mar-02,22.00,22.00,21.90,21.90,13800
4-Mar-02,22.00,22.25,22.00,22.21,27900
1-Mar-02,21.71,22.00,21.61,22.00,28600
28-Feb-02,21.50,21.83,21.47,21.83,19600
27-Feb-02,21.50,21.54,21.50,21.50,13600
26-Feb-02,21.35,21.40,21.25,21.40,7300
25-Feb-02,21.44,21.54,21.30,21.30,15900
22-Feb-02,21.26,21.54,21.10,21.54,9600
21-Feb-02,21.53,21.53,21.21,21.22,4500
20-Feb-02,21.45,21.54,21.30,21.50,10900
19-Feb-02,21.55,21.58,21.40,21.40,7600
15-Feb-02,21.29,21.57,21.29,21.55,3400
14-Feb-02,21.60,21.60,21.20,21.29,37500
13-Feb-02,21.20,21.67,21.20,21.67,5700
12-Feb-02,21.15,21.30,21.10,21.30,16800
11-Feb-02,21.14,21.14,20.90,21.08,6600
8-Feb-02,20.70,21.27,20.70,21.25,6700
7-Feb-02,21.49,21.51,20.60,20.60,14400
6-Feb-02,21.83,21.95,21.60,21.70,17100
5-Feb-02,21.70,21.93,21.60,21.93,21400
4-Feb-02,21.98,21.98,21.55,21.80,14100
1-Feb-02,21.98,22.00,21.98,21.98,24400
31-Jan-02,21.98,21.98,21.78,21.98,13100
30-Jan-02,21.96,21.98,21.87,21.94,11700
29-Jan-02,21.67,21.94,21.66,21.94,13500
28-Jan-02,21.98,21.98,21.45,21.65,18200
25-Jan-02,21.95,21.99,21.95,21.98,4900
24-Jan-02,21.95,21.97,21.82,21.82,2300
23-Jan-02,21.60,21.95,21.60,21.95,17100
22-Jan-02,21.73,21.81,21.45,21.45,16500
18-Jan-02,21.95,21.98,21.60,21.63,18400
17-Jan-02,22.25,22.25,21.95,22.00,18600
16-Jan-02,22.10,22.37,22.10,22.25,17700
15-Jan-02,22.00,22.10,21.90,22.10,22600
14-Jan-02,23.00,23.00,21.40,21.40,39000
11-Jan-02,23.01,23.02,22.99,22.99,5400
10-Jan-02,23.00,23.05,22.98,23.01,4400
9-Jan-02,23.00,23.15,22.95,22.95,17900
8-Jan-02,22.48,23.00,22.48,23.00,12100
7-Jan-02,22.75,22.75,22.48,22.48,4500
4-Jan-02,21.76,22.70,21.76,22.70,12200
3-Jan-02,21.60,21.91,21.60,21.66,9300
2-Jan-02,21.85,21.85,21.40,21.52,9000
31-Dec-01,22.00,22.00,21.65,21.75,13500
28-Dec-01,22.85,22.88,22.00,22.00,12400
27-Dec-01,22.81,22.99,22.81,22.85,10000
26-Dec-01,22.80,22.91,22.80,22.80,6600
24-Dec-01,22.76,22.95,22.70,22.73,7500
21-Dec-01,23.20,23.20,22.69,22.76,31200
20-Dec-01,23.80,23.80,23.10,23.10,8200
19-Dec-01,23.68,23.88,23.68,23.80,2500
18-Dec-01,23.78,23.90,23.58,23.71,6100
17-Dec-01,23.40,23.70,23.10,23.70,19400
14-Dec-01,22.91,23.40,22.91,23.33,4000
13-Dec-01,23.25,23.30,23.02,23.02,7700
12-Dec-01,23.53,23.56,23.44,23.44,8300
11-Dec-01,23.10,23.57,23.01,23.57,9700
10-Dec-01,23.50,23.60,23.00,23.05,10100
7-Dec-01,22.95,23.50,22.82,23.38,8300
6-Dec-01,22.49,23.20,22.49,23.20,21900
5-Dec-01,21.60,22.50,21.60,22.50,5700
4-Dec-01,21.35,21.50,21.02,21.50,3600
3-Dec-01,21.60,21.60,21.40,21.45,1400
30-Nov-01,21.25,21.40,21.10,21.40,13500
29-Nov-01,21.20,21.25,21.03,21.12,37700
28-Nov-01,21.00,21.21,21.00,21.14,8800
27-Nov-01,20.95,21.00,20.86,20.95,1300
26-Nov-01,21.05,21.05,20.90,20.90,34900
23-Nov-01,21.00,21.05,20.97,21.05,2100
21-Nov-01,21.60,21.60,21.01,21.01,12900
20-Nov-01,22.20,22.20,21.95,21.99,4700
19-Nov-01,21.76,22.12,21.75,22.12,2600
16-Nov-01,21.45,21.78,21.45,21.78,1500
15-Nov-01,21.75,21.75,21.35,21.50,7800
14-Nov-01,21.50,21.81,21.50,21.81,2500
13-Nov-01,21.29,21.50,21.10,21.45,5300
12-Nov-01,21.26,21.26,21.04,21.04,2200
9-Nov-01,21.30,21.30,21.25,21.26,900
8-Nov-01,21.33,21.33,21.17,21.21,3600
7-Nov-01,21.26,21.40,21.26,21.33,3500
6-Nov-01,21.70,21.71,21.30,21.50,10400
5-Nov-01,22.13,22.15,21.95,21.95,14600
2-Nov-01,22.30,22.30,22.09,22.09,3000
1-Nov-01,21.77,22.40,21.70,22.40,4400
31-Oct-01,21.65,21.85,21.65,21.77,3500
30-Oct-01,22.00,22.00,21.67,21.75,15100
29-Oct-01,21.00,22.17,21.00,22.00,18400
26-Oct-01,20.40,20.98,20.40,20.89,7700
25-Oct-01,20.20,20.50,20.20,20.50,4900
24-Oct-01,20.40,20.45,20.15,20.15,4800
23-Oct-01,20.20,20.35,20.20,20.20,12800
22-Oct-01,20.18,20.20,20.17,20.20,4800
19-Oct-01,20.20,20.20,19.90,20.15,8500
18-Oct-01,20.65,20.87,20.45,20.45,5300
17-Oct-01,20.00,20.75,20.00,20.61,6500
16-Oct-01,19.45,20.00,19.45,19.95,47800
15-Oct-01,19.35,19.50,19.33,19.49,22000
12-Oct-01,19.48,19.49,19.40,19.49,3400
11-Oct-01,19.25,19.50,19.25,19.50,20100
10-Oct-01,18.80,19.10,18.79,19.10,9600
9-Oct-01,19.10,19.10,18.75,18.75,5100
8-Oct-01,19.00,19.15,18.95,19.15,2400
5-Oct-01,18.89,18.96,18.89,18.90,1500
4-Oct-01,19.10,19.15,18.90,18.94,5100
3-Oct-01,19.00,19.17,19.00,19.07,3100
2-Oct-01,18.85,19.00,18.75,18.95,11900
1-Oct-01,18.95,18.95,18.75,18.85,3800
28-Sep-01,18.45,18.85,18.32,18.85,22900
27-Sep-01,18.60,18.60,18.49,18.50,9000
26-Sep-01,18.49,18.78,18.42,18.70,35900
25-Sep-01,18.84,18.92,18.45,18.49,33400
24-Sep-01,18.50,18.90,18.35,18.89,22000
21-Sep-01,19.61,19.61,18.38,18.43,29000
20-Sep-01,20.59,20.59,19.71,19.71,6900
19-Sep-01,21.48,21.48,20.50,20.69,14000
18-Sep-01,21.90,21.90,21.59,21.60,8500
17-Sep-01,22.50,22.65,22.05,22.05,8200
10-Sep-01,23.00,23.00,22.55,22.55,6300
7-Sep-01,23.50,23.50,23.11,23.16,7800
6-Sep-01,23.50,23.50,23.45,23.50,2000
5-Sep-01,23.50,23.55,23.45,23.48,8300
4-Sep-01,23.30,23.73,23.30,23.50,28000
31-Aug-01,23.50,23.65,23.20,23.20,4900
30-Aug-01,23.60,23.63,23.10,23.39,14900
29-Aug-01,23.35,23.65,23.20,23.65,9300
28-Aug-01,23.70,23.70,23.30,23.38,19600
27-Aug-01,23.45,23.75,23.30,23.60,31800
24-Aug-01,23.37,23.50,23.37,23.45,24600
23-Aug-01,23.52,23.55,23.35,23.35,2100
22-Aug-01,23.15,23.45,23.01,23.45,4400
21-Aug-01,23.55,23.55,23.05,23.05,5500
20-Aug-01,23.50,23.55,23.40,23.45,13800
17-Aug-01,23.85,23.85,23.50,23.53,4700
16-Aug-01,23.05,23.85,23.04,23.85,12300
15-Aug-01,23.32,23.32,23.15,23.25,9000
14-Aug-01,23.25,23.39,23.22,23.30,6200
13-Aug-01,23.40,23.43,23.25,23.25,4800
10-Aug-01,23.25,23.40,23.19,23.40,19200
9-Aug-01,23.40,23.40,23.20,23.21,15500
8-Aug-01,23.37,23.45,23.30,23.35,8300
7-Aug-01,23.20,23.45,23.20,23.45,8300
6-Aug-01,23.40,23.40,23.20,23.20,3800
3-Aug-01,23.36,23.45,23.25,23.31,8200
2-Aug-01,23.25,23.43,23.25,23.43,4000
1-Aug-01,23.40,23.44,23.34,23.41,1400
31-Jul-01,23.48,23.50,23.25,23.35,8100
30-Jul-01,23.48,23.50,23.35,23.40,6000
27-Jul-01,23.46,23.50,23.41,23.47,14100
26-Jul-01,23.53,23.53,23.45,23.50,7200
25-Jul-01,23.60,23.60,23.50,23.60,11100
24-Jul-01,23.60,23.63,23.45,23.60,28300
23-Jul-01,23.69,23.69,23.58,23.58,11800
20-Jul-01,23.70,23.80,23.69,23.70,9800
19-Jul-01,23.80,23.95,23.70,23.75,6300
18-Jul-01,23.75,23.80,23.65,23.76,10100
17-Jul-01,23.28,23.72,23.22,23.70,11200
16-Jul-01,23.40,23.45,23.20,23.28,9300
13-Jul-01,22.99,23.57,22.98,23.40,14300
12-Jul-01,22.77,23.15,22.77,22.96,20900
11-Jul-01,22.22,22.60,22.10,22.52,9700
10-Jul-01,22.48,22.48,22.20,22.22,3600
9-Jul-01,22.30,22.38,22.15,22.38,7800
6-Jul-01,22.75,22.75,22.35,22.40,4400
5-Jul-01,23.03,23.03,22.75,22.75,6300
3-Jul-01,22.90,23.03,22.70,23.03,10700
2-Jul-01,23.55,23.55,22.95,22.95,8200
29-Jun-01,22.55,23.60,22.55,23.60,23300
28-Jun-01,22.50,22.78,22.47,22.48,6800
27-Jun-01,21.73,22.42,21.73,22.41,11100
26-Jun-01,21.95,21.95,21.60,21.73,11100
25-Jun-01,22.20,22.20,21.92,21.94,10500
22-Jun-01,22.45,22.47,22.20,22.20,19100
21-Jun-01,21.88,22.45,21.88,22.45,13400
20-Jun-01,21.41,21.85,21.41,21.85,10500
19-Jun-01,21.26,21.69,21.20,21.31,19000
18-Jun-01,20.82,21.23,20.82,21.16,12700
15-Jun-01,20.50,20.92,20.50,20.75,19300
14-Jun-01,21.50,21.50,20.98,20.99,9600
13-Jun-01,22.30,22.47,21.50,21.50,13000
12-Jun-01,22.47,22.47,22.25,22.40,7500
11-Jun-01,22.31,22.50,22.31,22.47,9600
8-Jun-01,22.49,22.49,22.30,22.30,2500
7-Jun-01,22.42,22.44,22.15,22.44,4700
6-Jun-01,22.45,22.49,22.28,22.43,10200
5-Jun-01,22.30,22.45,22.30,22.45,4900
4-Jun-01,22.20,22.51,22.20,22.37,5900
1-Jun-01,22.11,22.26,22.02,22.15,7100
31-May-01,22.73,22.74,22.10,22.10,10000
30-May-01,22.54,22.80,22.45,22.72,9200
29-May-01,22.17,22.60,22.17,22.54,8800
25-May-01,21.70,22.16,21.70,22.10,11300
24-May-01,22.70,22.70,21.65,21.70,12700
23-May-01,23.90,23.90,22.80,22.80,12900
22-May-01,23.76,23.99,23.65,23.80,12700
21-May-01,23.93,23.93,23.65,23.75,4700
18-May-01,23.91,23.91,23.82,23.86,2000
17-May-01,23.86,23.94,23.80,23.92,4400
16-May-01,23.95,23.97,23.85,23.85,5600
15-May-01,23.96,23.98,23.80,23.90,25900
14-May-01,23.70,23.88,23.70,23.88,3700
11-May-01,23.87,23.98,23.70,23.70,6700
10-May-01,23.82,23.95,23.82,23.86,4800
9-May-01,23.87,23.98,23.85,23.98,3500
8-May-01,23.90,23.90,23.70,23.80,9100
7-May-01,24.03,24.87,23.95,23.95,7600
4-May-01,23.76,24.05,23.76,24.03,2600
3-May-01,24.20,24.20,23.85,23.86,4500
2-May-01,24.24,24.60,24.24,24.30,20300
1-May-01,23.85,24.15,23.85,24.15,5700
30-Apr-01,23.75,23.95,23.75,23.95,3400
27-Apr-01,23.45,23.90,23.45,23.85,6900
26-Apr-01,23.50,23.60,23.50,23.50,32000
25-Apr-01,23.22,23.53,23.22,23.50,4400
24-Apr-01,23.15,23.20,23.15,23.15,8200
23-Apr-01,23.75,23.75,23.40,23.40,4700
20-Apr-01,23.76,23.77,23.50,23.76,9200
19-Apr-01,23.64,23.76,23.60,23.76,1500
18-Apr-01,24.05,24.25,23.60,23.60,27500
17-Apr-01,23.69,23.90,23.65,23.87,6600
16-Apr-01,23.54,23.60,23.50,23.59,1700
12-Apr-01,23.41,23.55,23.20,23.52,16700
11-Apr-01,23.61,23.67,23.40,23.41,9100
10-Apr-01,23.50,23.76,23.45,23.61,16100
9-Apr-01,23.25,23.70,23.25,23.60,11900
6-Apr-01,23.20,23.29,23.20,23.29,1300
5-Apr-01,22.75,23.20,22.75,23.20,7400
4-Apr-01,22.68,23.10,22.68,22.80,8000
3-Apr-01,22.68,22.69,22.68,22.68,1500
2-Apr-01,22.88,22.89,22.68,22.68,4600
30-Mar-01,22.71,22.95,22.55,22.95,21000
29-Mar-01,22.18,22.84,22.18,22.61,14200
28-Mar-01,21.95,22.30,21.95,22.10,21900
27-Mar-01,22.00,22.05,21.82,22.00,13600
26-Mar-01,21.66,22.12,21.50,21.90,17900
23-Mar-01,21.88,22.05,21.61,21.66,6800
22-Mar-01,22.05,22.05,21.50,21.80,7300
21-Mar-01,22.59,22.59,22.10,22.11,3500
20-Mar-01,22.50,22.95,22.50,22.60,4200
19-Mar-01,22.61,22.61,22.35,22.50,4600
16-Mar-01,23.02,23.22,22.60,22.60,15200
15-Mar-01,23.05,23.05,22.89,22.90,8700
14-Mar-01,22.70,23.06,22.70,23.05,5900
13-Mar-01,22.70,22.80,22.61,22.80,3500
12-Mar-01,23.20,23.29,22.75,22.75,11800
9-Mar-01,23.00,23.50,22.87,23.27,27900
8-Mar-01,24.65,24.75,24.40,24.40,5200
7-Mar-01,24.60,24.78,24.60,24.65,6100
6-Mar-01,24.80,24.80,24.50,24.60,6600
5-Mar-01,25.12,25.12,24.80,24.89,12900
2-Mar-01,24.80,25.00,24.80,25.00,9600
1-Mar-01,24.50,25.05,24.45,24.85,11700
28-Feb-01,24.40,24.54,24.30,24.40,20700
27-Feb-01,24.96,24.96,24.50,24.50,10100
26-Feb-01,24.20,24.96,24.20,24.96,17800
23-Feb-01,24.60,24.62,24.00,24.20,7600
22-Feb-01,25.45,25.46,24.55,24.60,16800
21-Feb-01,25.35,25.40,25.20,25.20,3700
20-Feb-01,25.40,25.40,25.15,25.40,11400
16-Feb-01,25.69,25.70,25.40,25.40,8300
15-Feb-01,24.90,25.76,24.85,25.76,22900
14-Feb-01,25.76,25.84,24.88,24.88,51300
13-Feb-01,24.86,26.25,24.86,25.75,35800
12-Feb-01,23.59,24.99,23.59,24.86,36500
9-Feb-01,23.55,23.62,23.52,23.59,4100
8-Feb-01,23.57,23.62,23.53,23.55,5800
7-Feb-01,23.30,23.81,23.30,23.81,5100
6-Feb-01,23.17,23.30,23.17,23.28,2400
5-Feb-01,23.02,23.13,23.02,23.12,3300
2-Feb-01,22.97,23.04,22.97,23.03,800
1-Feb-01,22.95,23.02,22.74,23.02,11200
31-Jan-01,22.33,22.77,22.28,22.75,9400
30-Jan-01,21.64,22.28,21.64,22.28,12300
29-Jan-01,20.90,21.60,20.90,21.60,9800
26-Jan-01,21.69,21.69,20.25,20.81,29700
25-Jan-01,22.75,22.75,21.81,21.81,10600
24-Jan-01,22.94,22.94,22.69,22.75,3400
23-Jan-01,23.06,23.12,22.88,23.00,7100
22-Jan-01,23.50,23.62,23.12,23.12,9500
19-Jan-01,23.44,23.56,23.31,23.56,6600
18-Jan-01,23.56,23.81,23.31,23.31,7200
17-Jan-01,24.12,24.12,23.25,23.56,24400
16-Jan-01,22.25,24.00,22.06,24.00,36900
12-Jan-01,22.19,22.50,22.06,22.38,12200
11-Jan-01,21.81,22.81,21.81,22.81,8000
10-Jan-01,21.00,21.81,21.00,21.81,19700
9-Jan-01,20.69,20.94,20.56,20.94,20200
8-Jan-01,20.75,20.81,20.56,20.69,10700
5-Jan-01,20.06,20.69,20.06,20.56,14100
4-Jan-01,19.88,20.00,19.88,20.00,9800
3-Jan-01,19.75,19.88,19.62,19.88,11800
2-Jan-01,20.12,20.12,19.62,19.75,18400
29-Dec-00,20.19,20.81,20.19,20.62,14300
